,SYMBOL,tp,wp,mp,tmp,smp,yp
0,20MICRONS,58.1,57.85,61.0,65.9,39.7,29.9
1,3MINDIA,25560.5,26146.75,24863.2,24382.0,24741.8,20183.1
2,A2ZINFRA,4.9,4.7,4.25,4.9,4.05,3.75
3,AAKASH,188.55,189.05,221.6,253.95,147.55,53.2
4,AARON,108.45,100.95,99.3,115.95,52.9,32.7
5,AARTIDRUGS,579.15,632.25,604.5,666.05,793.65,658.7
6,AARTIIND,988.15,1014.45,942.0,943.05,1786.0,1105.05
7,AARVI,56.45,59.75,60.3,69.45,48.0,35.1
8,AAVAS,2795.1,2820.1,2557.25,2553.0,2209.05,1450.05
9,ABB,2079.7,1845.6,1858.9,1636.45,1380.6,937.85
10,ABBOTINDIA,19956.95,20205.2,22031.25,18029.65,15422.75,15897.8
11,ABCAPITAL,99.5,100.3,111.95,115.65,116.15,71.0
12,ABFRL,271.2,260.25,244.25,216.2,174.9,153.1
13,ABSLBANETF,395.84,410.05,371.07,358.31,326.24,265.35
14,ABSLNN50ET,429.3,429.15,431.75,405.35,362.99,287.29
15,ACC,2374.3,2236.3,2237.5,2398.6,1896.25,1654.2
16,ACCELYA,1190.55,1367.25,1263.4,1331.5,902.55,815.0
17,ACE,251.3,244.7,258.95,243.75,140.9,72.8
18,ADANIENT,1445.3,1543.85,1458.7,1429.55,1286.75,352.1
19,ADANIPORTS,704.4,749.9,734.95,694.7,740.8,371.1
20,ADFFOODS,850.25,865.55,880.8,864.95,901.9,416.7
21,ADORWELD,703.15,657.3,678.7,719.95,410.6,244.2
22,ADSL,93.35,84.25,75.75,64.8,47.5,21.8
23,ADVANIHOTR,74.25,75.1,84.3,78.9,52.1,40.3
24,ADVENZYMES,384.5,380.65,384.05,416.3,447.3,307.45
25,AEGISCHEM,209.9,217.0,228.9,289.9,325.25,204.8
26,AGARIND,321.8,331.2,339.05,369.6,184.3,80.25
27,AGROPHOS,17.85,16.0,15.65,15.0,11.6,8.05
28,AHLEAST,183.4,186.4,186.35,188.05,149.5,131.8
29,AHLUCONT,371.75,361.85,353.65,382.95,290.2,215.75
30,AIAENG,1937.6,1906.85,1928.9,1985.9,1843.15,1725.15
31,AJANTPHARM,2208.35,2117.85,2260.4,2288.8,2001.1,1586.3
32,AKSHARCHEM,486.95,503.8,432.6,461.85,259.45,206.4
33,AKZOINDIA,2078.45,2093.6,2249.65,2236.8,2191.65,1976.6
34,ALANKIT,17.6,17.85,17.8,14.9,14.45,16.2
35,ALBERTDAVD,579.55,569.75,592.2,540.45,448.0,401.55
36,ALEMBICLTD,105.4,105.6,115.25,121.3,134.4,90.35
37,ALICON,775.2,825.6,775.8,789.95,549.7,304.9
38,ALKALI,93.55,87.7,85.85,82.4,55.8,48.2
39,ALKEM,3761.05,3695.85,3990.05,3398.55,2861.95,2752.75
40,ALKYLAMINE,3557.35,3781.5,3849.9,4206.45,8138.0,3297.3
41,ALLCARGO,273.95,273.95,285.45,202.1,123.5,118.35
42,ALLSEC,569.95,468.05,417.2,435.5,335.35,238.6
43,ALMONDZ,126.4,133.35,99.9,64.65,27.3,12.3
44,ALOKINDS,22.9,22.85,23.75,23.7,18.85,22.3
45,ALPHAGEO,342.45,422.4,428.7,333.35,218.75,147.05
46,AMARAJABAT,701.65,699.85,766.8,721.15,780.4,808.7
47,AMBER,3126.75,3440.0,3440.4,3021.05,3052.35,2320.3
48,AMBIKCO,2077.55,2044.9,1816.45,1612.5,1072.2,713.6
49,AMBUJACEM,409.8,380.35,402.25,419.05,314.4,248.0
50,AMDIND,35.15,35.35,27.1,28.75,18.85,15.9
51,AMJLAND,34.0,34.05,37.85,36.95,23.9,21.45
52,AMRUTANJAN,920.9,919.9,821.3,685.05,625.55,433.7
53,ANDHRAPAP,228.55,230.35,231.9,248.4,225.2,188.65
54,ANDHRSUGAR,642.35,654.25,632.2,558.0,424.45,287.8
55,ANGELBRKG,1229.95,1292.65,1439.25,1273.55,512.2,311.55
56,ANIKINDS,20.4,20.25,17.8,21.5,12.45,11.55
57,ANSALAPI,13.1,12.95,8.95,9.5,5.5,4.3
58,ANSALHSG,6.45,6.5,6.35,8.6,5.0,3.8
59,ANUP,1064.15,954.4,946.0,1000.6,583.0,565.3
60,APARINDS,681.05,687.95,639.95,692.5,498.8,299.65
61,APCL,386.7,379.9,391.75,503.35,213.3,209.5
62,APCOTEXIND,383.3,399.5,426.1,345.7,271.1,149.3
63,APEX,272.4,270.75,290.05,359.15,242.5,255.6
64,APLAPOLLO,831.75,807.5,848.85,1725.75,1306.15,3256.2
65,APLLTD,779.35,756.95,788.15,786.65,941.25,979.05
66,APOLLO,116.3,116.9,122.45,125.25,105.6,111.7
67,APOLLOHOSP,4336.6,4267.95,4459.4,4066.4,3347.15,2085.9
68,APOLLOPIPE,1754.8,1748.1,1777.7,1316.1,1092.6,585.85
69,APOLLOTYRE,220.65,219.05,224.25,225.45,213.6,153.45
70,APOLSINHOT,798.85,796.25,799.8,722.3,586.25,587.0
71,APTECHT,344.8,343.55,309.05,264.9,203.3,113.4
72,ARENTERP,24.4,26.6,28.75,16.2,11.15,9.7
73,ARIES,139.05,139.8,147.0,171.35,99.1,83.35
74,ARIHANT,58.4,58.7,26.3,27.15,17.7,16.15
75,ARMANFIN,936.5,962.55,868.65,743.05,553.75,584.65
76,AROGRANITE,69.6,65.45,63.75,72.95,42.55,29.8
77,ARROWGREEN,122.35,113.9,119.7,160.85,77.6,44.75
78,ARSSINFRA,27.0,27.0,28.2,30.35,24.65,12.25
79,ARTEMISMED,34.35,34.0,36.0,393.6,213.5,160.2
80,ARVIND,143.6,136.6,94.45,108.2,73.6,33.8
81,ARVINDFASN,311.95,315.55,271.95,218.15,144.7,124.15
82,ASAHIINDIA,422.4,352.7,357.45,364.1,301.75,221.45
83,ASAHISONG,304.2,325.85,340.85,400.3,369.1,239.65
84,ASALCBR,550.35,547.05,444.45,444.4,418.15,250.75
85,ASHIANA,185.7,179.5,192.85,173.3,118.7,77.45
86,ASHOKA,103.6,109.95,97.95,103.3,78.65,62.8
87,ASHOKLEY,144.3,143.35,130.75,135.2,114.05,85.0
88,ASIANHOTNR,83.65,85.35,90.5,89.0,65.65,53.2
89,ASIANPAINT,3121.8,2969.8,3177.85,3018.6,2549.05,2209.05
90,ASIANTILES,135.45,136.25,159.0,181.05,155.55,279.5
91,ASPINWALL,179.05,169.4,179.2,223.7,182.4,116.65
92,ASTEC,1307.25,1221.45,1285.15,1375.0,1140.1,1098.35
93,ASTERDM,184.05,187.35,211.85,163.9,152.35,135.55
94,ASTRAL,2235.2,2128.5,2199.8,2239.6,1583.65,1166.0
95,ASTRAMICRO,240.0,206.85,206.1,174.75,116.7,110.75
96,ASTRAZEN,3042.5,3013.15,3097.85,3434.5,3815.7,4280.05
97,ASTRON,51.2,52.3,57.9,53.95,40.55,46.25
98,ATFL,992.2,1015.5,1024.4,1016.2,984.4,717.85
99,ATUL,9036.2,9674.9,9740.8,9081.25,8442.3,6150.0
100,ATULAUTO,246.45,238.05,221.85,210.15,172.7,159.15
101,AUBANK,1206.9,1260.95,1183.95,1243.1,956.95,772.2
102,AUROPHARMA,697.6,703.5,717.3,906.55,1009.05,780.15
103,AUTOAXLES,1344.75,1308.6,1241.0,1489.0,1061.4,716.1
104,AUTOIND,59.1,56.55,57.75,72.25,35.0,27.9
105,AVADHSUGAR,412.2,426.0,444.35,471.85,302.4,179.7
106,AVANTIFEED,550.35,551.55,549.65,639.8,481.3,494.05
107,AVTNPL,81.85,84.8,81.15,73.5,52.65,43.95
108,AXISBANK,752.35,841.9,768.15,753.8,715.75,541.75
109,AXISCADES,81.0,81.65,84.45,92.9,60.2,43.85
110,AXISGOLD,41.2,41.54,40.16,41.44,40.81,45.3
111,AXISNIFTY,189.09,191.12,183.89,169.23,152.25,126.8
112,AYMSYNTEX,102.0,106.85,112.85,83.15,51.25,29.85
113,BAJAJ-AUTO,3726.15,3791.75,3852.6,3832.0,3941.2,2977.4
114,BAJAJCON,235.3,235.45,253.45,279.05,268.15,185.65
115,BAJAJELEC,1094.55,1147.75,1306.9,1128.6,1118.05,499.5
116,BAJAJFINSV,17565.7,18353.35,17177.8,14187.2,11027.95,6286.45
117,BAJAJHLDNG,4763.75,4725.5,4737.4,3954.8,3442.15,2426.9
118,BAJFINANCE,7413.95,7855.65,7522.75,6359.15,5528.8,3780.75
119,BALAJITELE,62.9,62.7,65.4,68.0,58.4,61.95
120,BALAMINES,3289.3,3965.8,4549.85,3414.1,2474.95,886.95
121,BALKRISIND,2515.55,2492.2,2541.4,2496.45,1824.0,1453.0
122,BALMLAWRIE,126.25,129.1,128.65,138.95,126.35,101.35
123,BALRAMCHIN,327.35,332.15,366.25,345.1,311.0,149.7
124,BANARBEADS,77.6,80.35,63.35,81.65,51.5,55.8
125,BANARISUG,2242.8,2234.9,2247.3,1917.85,1972.45,1304.05
126,BANCOINDIA,188.8,186.5,192.8,167.95,153.9,91.55
127,BANDHANBNK,287.75,305.4,289.0,301.95,294.75,330.9
128,BANKBARODA,99.05,99.9,82.45,83.5,70.65,45.8
129,BANKBEES,400.98,413.72,375.26,362.16,329.13,268.87
130,BANKINDIA,60.4,61.85,56.6,72.6,68.3,41.1
131,BANSWRAS,205.25,185.7,160.85,236.95,110.9,73.0
132,BASF,3222.55,3304.05,3444.8,2874.95,2294.9,1491.05
133,BASML,61.3,61.4,64.9,98.3,62.95,85.5
134,BATAINDIA,1996.85,1989.5,1834.7,1653.75,1352.1,1339.75
135,BAYERCROP,5020.05,4997.2,5276.4,6018.0,5340.8,5576.05
136,BBL,1612.8,1350.0,1321.25,1405.65,1128.6,720.15
137,BBTC,1087.8,1094.8,1155.0,1232.8,1164.0,1234.85
138,BCP,3.85,3.95,3.85,3.95,3.1,4.85
139,BDL,414.8,420.7,377.7,414.05,335.05,301.85
140,BEL,200.55,206.2,201.75,175.45,142.4,92.45
141,BEML,1617.6,1603.35,1423.95,1340.2,1191.0,620.05
142,BEPL,179.5,181.4,187.8,200.3,167.7,87.7
143,BERGEPAINT,753.85,733.3,810.4,842.2,716.85,649.6
144,BFINVEST,329.2,335.4,355.9,389.25,294.2,273.5
145,BFUTILITIE,409.0,419.4,430.2,481.8,272.2,239.0
146,BGRENERGY,62.95,65.9,65.25,61.65,46.8,31.9
147,BHAGERIA,267.55,279.55,280.95,264.1,170.6,129.15
148,BHAGYANGR,47.75,49.5,48.15,49.25,48.75,17.6
149,BHAGYAPROP,31.1,31.35,29.65,30.95,26.8,22.75
150,BHANDARI,3.4,3.45,3.25,3.3,2.35,1.1
151,BHARATFORG,791.4,785.9,727.6,790.85,642.9,477.05
152,BHARATGEAR,172.5,171.9,140.7,129.65,83.7,51.4
153,BHARATRAS,10296.85,10385.4,12127.9,13350.6,11800.65,8859.5
154,BHARTIARTL,712.5,696.2,675.9,574.4,558.75,449.9
155,BHEL,71.75,71.65,65.6,58.0,58.05,27.95
156,BINDALAGRO,19.95,21.0,23.0,28.1,16.95,11.65
157,BIOCON,348.3,333.55,365.3,385.6,379.7,414.8
158,BIRLACORPN,1495.05,1366.55,1387.55,1364.45,932.1,669.25
159,BIRLAMONEY,60.6,63.15,63.4,70.4,45.8,42.2
160,BIRLATYRE,24.45,25.2,24.0,27.7,23.85,19.55
161,BLISSGVS,107.75,103.9,109.55,117.95,103.7,168.5
162,BLUEDART,6998.75,6236.3,6419.7,5577.25,5405.4,3723.15
163,BLUESTARCO,990.35,928.95,909.4,841.35,828.75,658.15
164,BODALCHEM,124.9,125.1,118.4,118.35,101.2,62.85
165,BOMDYEING,94.45,96.15,92.5,102.65,71.2,65.8
166,BOSCHLTD,17563.2,17021.8,15447.55,15455.9,13616.65,11862.75
167,BPCL,421.65,431.05,433.05,457.15,434.0,362.45
168,BRIGADE,478.5,465.7,410.6,338.05,254.25,198.7
169,BRITANNIA,3678.15,3692.8,3921.1,3578.3,3452.05,3513.55
170,BRNL,28.2,28.95,28.6,35.5,28.65,29.0
171,BSE,1352.35,1363.95,1219.0,1244.4,683.0,501.55
172,BSL,81.2,74.9,63.05,68.75,45.95,29.75
173,BSLGOLDETF,4362.0,4377.3,4246.15,4393.8,4291.15,4721.2
174,BSLNIFTY,198.81,202.91,194.7,179.86,161.57,134.07
175,BSOFT,412.65,400.2,397.25,392.2,253.05,180.8
176,BYKE,35.65,37.05,31.5,29.9,19.15,13.45
177,CADILAHC,501.45,508.8,555.7,587.75,601.75,432.3
178,CAMLINFINE,164.45,174.0,189.95,185.4,165.2,107.0
179,CAMS,2984.7,3016.15,2985.6,3465.2,2209.5,1280.0
180,CANBK,214.65,193.35,176.85,156.8,143.45,92.05
181,CANFINHOME,636.75,656.45,671.15,566.25,524.3,471.95
182,CAPACITE,174.0,160.15,164.3,233.7,187.25,130.6
183,CAPLIPOINT,832.15,865.7,877.1,860.8,560.3,485.85
184,CAPTRUST,94.5,95.65,93.5,102.6,79.95,57.5
185,CARBORUNIV,833.95,867.65,872.9,699.9,553.2,293.65
186,CAREERP,140.3,144.1,160.15,154.4,121.4,157.95
187,CARERATING,664.6,696.5,671.55,710.05,527.65,408.45
188,CASTROLIND,140.2,140.75,140.1,139.95,125.4,112.25
189,CCL,385.05,358.9,383.4,409.6,311.7,251.1
190,CEATLTD,1244.4,1295.5,1314.0,1345.25,1340.15,1109.55
191,CELEBRITY,9.7,10.7,9.35,14.05,5.65,4.5
192,CENTENKA,445.55,450.55,455.7,486.15,261.3,172.9
193,CENTEXT,8.35,9.0,9.05,9.35,5.4,3.3
194,CENTRALBK,21.8,23.6,22.25,22.95,16.55,11.55
195,CENTRUM,41.65,40.6,30.15,47.45,30.15,17.25
196,CENTUM,571.0,525.65,483.1,512.95,390.0,278.35
197,CENTURYPLY,573.2,550.7,474.85,431.15,349.5,183.95
198,CENTURYTEX,822.55,810.6,916.3,780.8,478.0,313.65
199,CERA,5460.4,5302.05,5162.95,4597.85,3990.15,2808.2
200,CEREBRAINT,53.3,51.85,54.9,60.95,48.85,27.95
201,CESC,88.2,91.95,91.4,788.35,623.95,602.05
202,CGCL,541.0,521.3,525.45,530.4,447.65,246.15
203,CHALET,246.25,238.25,229.8,171.9,143.5,138.45
204,CHAMBLFERT,363.1,336.75,339.85,318.05,221.85,164.7
205,CHEMBOND,211.3,219.95,223.0,250.25,219.0,156.95
206,CHEMCON,407.45,417.75,433.95,528.25,448.25,444.4
207,CHEMFAB,166.8,193.2,189.95,169.85,147.05,123.1
208,CHENNPETRO,124.2,133.95,123.7,114.55,108.75,75.15
209,CHOLAFIN,588.65,604.9,558.65,516.65,580.3,303.6
210,CHOLAHLDNG,687.3,695.9,697.65,663.0,573.65,405.6
211,CIGNITITEC,611.5,605.1,605.55,557.95,386.25,440.0
212,CIPLA,909.25,907.5,986.2,939.65,884.3,789.95
213,CLNINDIA,557.95,565.15,568.4,599.0,422.95,305.95
214,CMICABLES,42.4,43.75,45.2,52.6,42.2,34.2
215,COALINDIA,170.75,175.05,188.7,144.7,134.6,121.8
216,COCHINSHIP,350.6,353.7,359.85,374.85,374.1,334.75
217,COFORGE,5077.45,5088.05,5279.5,4723.8,3396.15,2218.05
218,COLPAL,1527.15,1546.6,1687.8,1666.75,1503.15,1507.2
219,COMPINFO,24.7,24.7,25.95,31.65,17.7,13.65
220,COMPUSOFT,16.1,15.55,15.2,13.95,8.5,7.25
221,CONCOR,667.05,676.5,703.5,692.8,578.0,378.05
222,CONFIPET,84.85,89.2,84.85,62.05,62.15,25.6
223,CONSOFINVT,151.9,154.45,139.8,124.5,59.3,33.8
224,CONTROLPR,312.95,316.6,329.2,372.95,313.45,215.5
225,CORALFINAC,39.95,43.65,44.5,48.8,27.1,19.7
226,CORDSCABLE,52.7,55.35,53.3,60.5,43.75,39.9
227,COROMANDEL,784.7,807.9,799.9,869.0,729.85,760.8
228,COSMOFILMS,1576.9,1458.2,1471.05,1348.35,744.8,450.6
229,COUNCODOS,3.15,3.3,2.85,3.2,2.05,3.85
230,CPSEETF,29.95,31.01,30.58,26.03,23.49,16.95
231,CREDITACC,622.3,633.2,637.65,661.05,608.45,678.6
232,CRISIL,2801.85,2839.75,2753.1,2895.75,1883.7,1996.8
233,CROMPTON,488.05,463.9,488.8,468.6,377.45,308.95
234,CSBBANK,291.5,303.55,310.7,342.15,262.55,255.7
235,CTE,62.9,54.8,58.35,84.85,29.05,27.0
236,CUB,167.45,181.05,158.65,154.6,170.75,166.7
237,CUMMINSIND,912.75,875.35,918.1,894.65,839.85,456.05
238,CUPID,225.85,228.45,232.45,241.0,229.65,204.0
239,CYBERTECH,161.8,167.25,161.8,180.75,147.75,83.55
240,CYIENT,1072.3,1088.05,1062.7,969.55,758.75,403.1
241,DAAWAT,68.25,69.8,71.85,74.5,77.5,51.7
242,DABUR,597.05,581.35,617.95,588.1,545.25,527.2
243,DALBHARAT,2016.45,1944.6,2115.5,2036.1,1567.2,892.95
244,DALMIASUG,390.85,426.7,444.3,462.75,278.45,136.1
245,DATAMATICS,321.2,321.9,300.85,278.75,138.7,70.7
246,DBCORP,99.5,102.05,96.8,92.65,82.55,74.85
247,DBL,597.4,633.1,577.45,557.1,532.9,347.3
248,DBREALTY,37.65,40.1,27.8,25.85,19.75,6.85
249,DCAL,216.35,216.4,211.25,208.75,179.7,144.05
250,DCBBANK,96.25,95.85,89.95,99.9,90.25,84.3
251,DCMNVL,273.95,243.9,222.95,206.2,89.4,26.5
252,DCMSHRIRAM,992.4,983.85,1024.05,911.8,694.25,322.9
253,DECCANCE,702.75,712.95,726.3,787.15,439.5,341.75
254,DEEPAKNTR,2302.9,2467.0,2382.45,2069.25,1891.2,762.0
255,DELTACORP,275.45,262.5,281.3,177.05,146.9,116.0
256,DELTAMAGNT,67.2,66.7,52.5,57.2,28.7,17.75
257,DEN,44.7,47.55,48.45,53.25,44.45,69.35
258,DENORA,343.95,326.0,321.3,395.85,274.75,213.15
259,DFMFOODS,341.65,348.5,349.6,352.35,344.05,349.25
260,DHAMPURSUG,296.75,313.0,303.75,329.6,265.1,141.75
261,DHANBANK,15.6,15.9,16.1,17.3,13.8,11.9
262,DHANI,186.85,197.35,180.65,218.35,169.05,207.25
263,DHANUKA,742.55,743.9,813.15,949.35,807.0,733.35
264,DHUNINV,611.2,616.1,621.55,629.4,308.55,240.25
265,DIAMONDYD,686.65,723.35,664.65,751.85,553.95,607.35
266,DICIND,440.45,433.7,457.95,520.95,388.15,370.15
267,DIVISLAB,5228.2,5018.9,4832.3,4964.25,4063.05,3237.25
268,DIXON,5306.1,5161.1,4844.6,4235.05,4119.5,10015.05
269,DLF,408.85,415.85,417.2,350.45,250.5,167.9
270,DLINKINDIA,148.45,142.15,155.05,150.3,103.6,101.4
271,DMART,4564.75,4568.5,4235.6,3593.05,2878.15,2294.6
272,DOLAT,82.1,87.65,90.35,123.15,63.95,43.9
273,DOLLAR,462.2,429.2,375.65,372.3,243.0,140.0
274,DONEAR,55.65,56.15,57.5,56.15,31.6,23.7
275,DPABHUSHAN,225.6,229.2,215.1,208.3,114.1,116.3
276,DPSCLTD,15.45,16.0,15.5,15.8,12.15,11.95
277,DPWIRES,236.05,235.25,230.55,263.95,131.8,68.0
278,DREDGECORP,338.35,352.15,352.95,384.25,388.45,253.8
279,DRREDDY,4801.45,4666.2,4955.85,4768.8,5168.45,4902.95
280,DSSL,148.15,147.15,146.05,145.9,104.9,38.15
281,DTIL,259.85,266.85,260.7,521.15,290.65,288.35
282,DWARKESH,71.45,74.75,72.15,72.15,49.6,27.6
283,DYNPRO,618.15,637.95,643.55,584.45,518.8,227.45
284,EBBETF0423,1151.49,1151.89,1146.42,1145.21,1126.46,1100.44
285,EBBETF0425,1070.27,1070.37,1069.48,1053.47,1038.0,1015.66
286,EBBETF0430,1182.94,1184.01,1184.34,1161.01,1152.6,1123.8
287,EBBETF0431,1061.88,1061.8,1061.59,1043.56,1033.78,1016.43
288,EDELWEISS,77.25,77.65,81.25,98.7,59.9,54.4
289,EICHERMOT,2560.0,2590.25,2772.45,2641.8,2443.25,2139.05
290,EIDPARRY,458.1,463.75,428.15,423.75,419.5,283.95
291,EIHAHOTELS,391.2,385.15,405.2,337.9,235.45,229.05
292,EIHOTEL,140.65,139.9,128.15,108.1,90.0,76.15
293,EIMCOELECO,388.5,408.0,388.55,457.95,367.1,310.2
294,ELECON,164.35,157.35,168.35,144.35,92.0,26.85
295,ELECTCAST,33.55,34.2,37.15,39.4,33.45,20.2
296,ELECTHERM,122.3,125.05,119.1,142.7,113.35,91.45
297,ELGIEQUIP,199.8,196.95,203.15,201.8,215.3,107.55
298,ELGIRUBCO,37.45,37.5,38.85,41.65,27.85,16.7
299,EMAMILTD,549.3,520.65,569.95,561.85,485.45,370.95
300,EMAMIPAP,152.05,156.9,168.45,193.3,125.25,63.5
301,EMKAY,125.2,117.85,114.55,123.0,73.0,63.0
302,EMMBI,104.0,102.55,107.9,110.65,97.05,73.0
303,ENDURANCE,1847.8,1785.55,1564.45,1751.6,1349.3,1055.55
304,ENERGYDEV,10.5,10.75,10.25,11.0,8.8,5.25
305,ENGINERSIN,72.35,73.65,78.2,73.85,73.45,67.35
306,ENIL,179.15,194.3,183.0,209.9,148.55,145.25
307,EPL,214.85,216.95,239.45,244.05,225.0,253.0
308,EQUITAS,127.45,131.85,120.2,123.75,84.75,44.75
309,EQUITASBNK,62.05,66.75,61.6,60.25,57.75,32.85
310,ERIS,813.25,810.0,767.85,756.45,602.6,515.9
311,ESABINDIA,2467.8,2325.35,2183.95,1925.1,1809.95,1391.5
312,ESCORTS,1545.6,1544.45,1471.95,1234.15,1131.8,1285.45
313,ESTER,137.95,138.2,147.5,156.8,149.2,117.3
314,EVEREADY,353.25,358.9,390.25,385.15,290.95,135.65
315,EVERESTIND,422.2,441.3,442.1,480.75,356.2,225.4
316,EXCELINDUS,947.45,983.85,1015.0,1185.0,1029.25,912.05
317,EXIDEIND,178.6,176.65,178.85,172.85,182.8,164.2
318,FACT,118.8,118.6,126.05,134.65,121.9,49.35
319,FCL,121.05,124.65,129.4,113.25,82.85,37.85
320,FCONSUMER,7.1,7.1,7.6,8.45,6.8,7.1
321,FDC,324.25,326.7,346.2,366.45,328.3,332.4
322,FEDERALBNK,98.0,102.0,83.15,87.75,78.6,54.75
323,FEL,8.75,8.9,9.0,10.75,8.95,9.05
324,FELDVR,11.45,11.7,11.75,12.9,11.9,11.55
325,FIEMIND,1265.45,1244.3,1099.6,814.9,572.65,511.15
326,FILATEX,100.8,101.55,104.5,104.6,87.95,27.5
327,FINCABLES,470.6,460.5,478.55,514.0,356.95,279.1
328,FINEORG,3296.15,3443.9,3266.35,3024.25,3033.1,2426.4
329,FINPIPE,222.85,226.35,216.0,169.5,157.2,568.4
330,FLFL,54.95,56.95,58.55,69.35,52.45,73.95
331,FLUOROCHEM,1896.3,1804.85,1952.1,1763.75,813.45,497.3
332,FMGOETZE,259.8,262.2,283.35,304.05,289.6,258.0
333,FMNL,8.55,8.6,9.3,12.95,14.35,15.25
334,FORCEMOT,1425.7,1474.25,1455.75,1518.05,1186.95,1048.5
335,FORTIS,242.4,257.25,265.7,248.05,219.9,128.95
336,FOSECOIND,1472.05,1436.35,1461.3,1607.95,1389.6,1143.45
337,FRETAIL,48.0,49.6,52.0,60.3,45.55,68.7
338,FSC,69.65,72.8,74.25,82.7,71.0,84.9
339,FSL,204.15,200.85,195.15,201.35,131.0,73.75
340,GABRIEL,152.55,159.8,155.6,131.0,105.55,100.7
341,GAEL,171.0,168.3,170.15,192.9,161.4,113.45
342,GAIL,150.2,152.0,163.15,142.4,151.15,85.8
343,GALAXYSURF,3094.45,3161.95,3392.1,3183.85,2870.75,1758.05
344,GALLANTT,73.4,73.85,76.0,82.3,56.9,32.5
345,GALLISPAT,50.8,51.2,55.6,61.1,45.1,26.95
346,GANDHITUBE,436.6,439.8,454.1,540.6,296.85,205.9
347,GANECOS,497.45,500.05,497.35,558.55,570.3,266.65
348,GANESHHOUC,205.9,202.05,171.75,119.35,73.65,24.9
349,GANGESSECU,84.25,85.4,90.25,92.7,72.45,40.7
350,GARFIBRES,3422.35,3365.65,3329.05,3475.3,2676.8,2045.65
351,GATI,141.05,141.3,137.15,157.7,108.75,62.6
352,GAYAPROJ,44.35,40.7,50.2,45.8,28.25,23.2
353,GEECEE,144.6,144.05,155.05,166.05,112.65,74.25
354,GENUSPOWER,65.45,69.25,73.35,64.15,52.65,26.25
355,GEOJITFSL,81.1,85.6,79.75,90.2,59.6,39.85
356,GEPIL,297.4,304.35,299.4,324.8,264.35,214.1
357,GESHIP,330.25,314.65,367.25,329.8,388.55,223.6
358,GET&D,129.0,129.3,127.4,136.95,122.6,83.9
359,GFLLIMITED,78.85,76.55,76.4,72.15,70.55,80.35
360,GHCL,426.7,428.85,448.85,380.15,238.2,151.55
361,GICHSGFIN,169.8,159.8,148.55,194.15,112.95,102.6
362,GICRE,133.2,136.45,144.2,174.25,204.45,121.35
363,GILLETTE,5727.25,5690.0,5869.15,5934.0,5568.55,5386.95
364,GINNIFILA,34.4,32.45,32.75,35.1,27.95,11.8
365,GIPCL,87.35,88.4,85.55,95.5,75.85,67.95
366,GKWLIMITED,632.25,661.0,640.6,745.95,516.2,457.8
367,GLAXO,1597.6,1462.4,1469.3,1691.8,1464.2,1400.55
368,GLENMARK,514.3,507.9,513.15,595.8,570.15,511.8
369,GLFL,3.1,3.05,2.85,2.7,2.1,2.15
370,GMBREW,758.85,742.95,609.6,574.85,400.9,387.65
371,GMDCLTD,74.4,73.8,75.4,70.05,60.35,42.25
372,GMMPFAUDLR,4745.55,4869.95,4402.3,4711.1,4062.9,3463.45
373,GMRINFRA,42.25,41.2,41.0,28.3,24.3,24.05
374,GNA,805.05,943.85,950.8,709.4,369.55,230.45
375,GNFC,497.35,441.45,425.2,372.95,374.15,208.45
376,GOACARBON,381.4,386.25,359.05,460.85,318.55,214.7
377,GOCLCORP,324.9,326.05,266.4,282.8,202.1,174.9
378,GODFRYPHLP,1269.3,1311.2,1260.9,1050.8,863.95,881.95
379,GODREJAGRO,586.85,593.45,631.2,712.7,511.0,502.7
380,GODREJCP,974.2,964.0,1020.35,988.95,709.95,669.55
381,GODREJIND,581.95,575.45,564.85,601.15,507.0,380.65
382,GODREJPROP,2345.3,2345.25,2233.3,1637.35,1254.5,951.35
383,GOKEX,226.2,199.45,203.8,208.65,103.05,71.9
384,GOKUL,28.6,27.55,27.75,31.4,19.1,12.6
385,GOKULAGRO,54.45,48.05,43.0,43.6,23.4,13.65
386,GOLDBEES,41.28,41.66,40.21,41.53,40.82,45.61
387,GOLDIAM,962.9,979.65,925.15,600.2,396.0,156.65
388,GOLDSHARE,41.4,41.95,41.1,41.65,42.05,4618.8
389,GOODLUCK,284.95,307.3,309.65,304.15,92.05,38.65
390,GOODYEAR,1019.1,1025.3,1038.15,1189.65,910.3,833.0
391,GPPL,111.05,109.65,107.65,107.4,92.95,90.0
392,GPTINFRA,88.0,85.85,91.65,94.1,37.95,28.15
393,GRANULES,316.25,317.65,327.25,386.85,351.75,371.25
394,GRAPHITE,526.5,556.75,599.1,739.3,738.15,182.0
395,GRASIM,1789.0,1739.4,1677.15,1554.85,1447.9,794.35
396,GRAVITA,225.5,202.9,197.8,193.45,93.55,42.6
397,GREAVESCOT,132.95,131.35,135.85,158.35,144.95,68.1
398,GREENLAM,1411.6,1412.3,1368.95,1359.7,1008.95,755.8
399,GREENPLY,229.75,207.85,181.45,203.3,201.9,88.2
400,GRINDWELL,1674.5,1595.1,1424.65,1249.35,1046.8,544.55
401,GRPLTD,943.25,946.85,917.2,925.05,952.8,815.4
402,GRSE,220.2,221.6,186.85,199.65,174.8,190.6
403,GSCLCEMENT,45.7,47.15,50.25,52.2,35.8,33.3
404,GSFC,135.15,133.3,128.45,120.7,100.55,66.05
405,GSPL,323.65,305.1,314.05,344.55,271.05,189.05
406,GSS,81.55,81.65,76.6,68.65,70.15,36.25
407,GTNTEX,8.8,7.65,7.15,9.4,5.7,5.15
408,GTPL,265.55,274.25,293.6,199.85,136.25,113.55
409,GUFICBIO,195.6,183.7,192.75,196.85,143.95,105.5
410,GUJALKALI,748.85,724.75,737.15,502.25,437.15,317.4
411,GUJAPOLLO,220.05,226.65,212.75,227.8,210.85,213.0
412,GUJGASLTD,639.55,595.2,613.7,770.25,534.95,312.85
413,GULFOILLUB,584.5,593.65,583.55,639.95,693.7,680.4
414,GULFPETRO,49.8,50.45,55.0,63.45,44.75,34.0
415,HAL,1328.9,1324.9,1338.0,1079.45,957.85,702.35
416,HARRMALAYA,165.85,167.65,189.4,220.4,173.6,94.6
417,HATSUN,1398.45,1332.45,1424.45,946.6,826.7,823.0
418,HAVELLS,1288.15,1285.5,1359.1,1233.75,1006.75,818.65
419,HBANKETF,399.55,411.15,371.01,358.72,326.85,265.63
420,HBLPOWER,50.15,52.95,48.05,49.05,34.05,21.35
421,HBSL,34.5,35.85,37.9,29.4,16.45,5.15
422,HCC,9.5,9.8,9.55,10.45,7.6,4.8
423,HCG,239.95,228.5,245.4,250.3,189.55,121.05
424,HCL-INSYS,13.3,13.25,13.8,14.95,8.5,7.9
425,HCLTECH,1189.2,1166.8,1273.75,1039.95,916.0,850.1
426,HDFC,2887.95,2911.65,2711.65,2676.05,2430.1,2138.45
427,HDFCAMC,2655.8,2736.15,2932.25,2921.1,2732.15,2377.25
428,HDFCBANK,1605.3,1652.75,1582.7,1465.3,1400.9,1307.65
429,HDFCLIFE,689.8,690.05,729.45,675.3,671.8,590.6
430,HDFCMFGETF,42.32,42.63,41.27,42.61,41.86,4665.85
431,HDFCNIFETF,192.54,195.97,187.96,173.16,155.9,1289.46
432,HDFCSENETF,647.94,659.99,634.99,577.28,522.06,4342.57
433,HEG,2050.9,2126.8,2265.3,2375.85,2204.0,709.7
434,HEIDELBERG,242.25,240.25,256.55,266.6,244.1,192.25
435,HEMIPROP,136.35,138.95,139.25,140.9,132.1,64.75
436,HERCULES,139.9,140.35,141.85,158.75,117.4,100.85
437,HERITGFOOD,523.05,500.65,462.3,502.4,361.2,282.3
438,HEROMOTOCO,2680.7,2700.5,2847.95,2805.5,2913.3,2945.45
439,HESTERBIO,2439.1,2470.25,2459.5,2376.05,2173.2,1781.5
440,HGINFRA,752.45,810.25,655.35,591.05,281.85,178.35
441,HIKAL,546.1,501.45,576.55,552.5,343.05,167.1
442,HIL,4541.15,4997.25,5067.75,6093.0,3484.2,1736.5
443,HINDALCO,478.15,486.05,484.35,442.7,385.95,188.15
444,HINDCOMPOS,321.65,313.85,325.4,338.2,283.05,179.7
445,HINDCOPPER,128.5,136.5,109.85,146.0,156.35,34.25
446,HINDOILEXP,178.35,181.25,211.75,159.05,104.6,64.1
447,HINDPETRO,311.95,332.4,298.95,272.25,245.4,205.35
448,HINDUNILVR,2407.1,2436.85,2704.05,2377.1,2390.0,2094.15
449,HINDZINC,315.45,323.2,306.15,319.65,296.5,224.65
450,HIRECT,199.3,183.8,191.7,159.75,130.65,125.0
451,HISARMETAL,125.0,128.4,131.75,143.25,114.4,80.55
452,HITECH,613.8,593.15,584.8,644.0,364.75,130.05
453,HITECHGEAR,253.8,241.85,263.3,330.9,183.55,106.5
454,HMVL,76.9,76.75,74.8,83.4,62.7,50.0
455,HNGSNGBEES,323.54,324.4,317.45,335.2,360.85,334.5
456,HONAUT,42451.0,43360.05,44686.6,41957.75,42214.1,29891.85
457,HONDAPOWER,1316.55,1305.9,1220.55,1199.8,986.5,966.6
458,HPL,67.3,69.95,70.75,79.35,46.8,28.9
459,HSCL,52.45,51.0,51.55,48.75,45.75,45.0
460,HSIL,229.7,255.1,228.0,252.95,159.75,82.55
461,HUDCO,43.05,43.6,44.65,44.6,42.75,31.35
462,IBMFNIFTY,179.26,180.69,174.73,157.63,147.06,122.22
463,IBREALEST,161.45,158.45,152.35,150.65,76.8,48.25
464,IBULHSGFIN,219.05,228.2,234.45,271.15,176.6,152.35
465,ICEMAKE,64.95,68.5,73.1,81.3,70.65,73.45
466,ICICI500,25.2,256.19,247.77,230.33,204.25,163.81
467,ICICIALPLV,176.35,174.52,178.19,163.73,146.88,125.0
468,ICICIB22,45.76,47.42,45.41,40.91,36.08,25.95
469,ICICIBANK,803.9,829.4,692.35,714.65,608.2,442.8
470,ICICIBANKN,396.93,410.34,371.73,358.29,325.54,266.22
471,ICICIBANKP,203.23,210.99,190.84,184.16,172.53,147.4
472,ICICIGI,1517.75,1505.75,1582.55,1445.3,1453.75,1260.45
473,ICICIGOLD,42.37,42.74,41.27,42.47,41.8,46.33
474,ICICILIQ,999.98,999.99,999.99,1000.0,1000.0,999.99
475,ICICILOVOL,141.25,141.69,144.32,132.31,119.34,102.32
476,ICICIM150,116.75,116.81,115.19,106.66,93.43,67.65
477,ICICIMCAP,105.95,106.07,104.61,97.44,84.77,67.66
478,ICICINF100,195.94,199.2,192.86,178.68,160.33,132.35
479,ICICINIFTY,192.72,196.59,188.2,173.66,156.55,129.86
480,ICICINV20,94.98,95.87,96.16,87.93,78.94,61.39
481,ICICINXT50,43.35,43.35,43.42,40.6,36.19,28.66
482,ICICIPRULI,626.2,622.65,667.8,669.75,564.55,417.7
483,ICICISENSX,652.49,667.2,639.0,587.94,524.38,451.49
484,ICICITECH,359.39,357.67,353.61,313.98,264.19,216.07
485,ICIL,239.2,271.95,279.05,272.7,139.3,152.5
486,ICRA,3500.05,3659.85,3519.05,3621.05,3388.85,2681.85
487,IDBI,52.6,53.35,49.95,37.7,40.55,36.3
488,IDBIGOLD,4367.5,4433.55,4279.95,4408.85,4317.55,4703.8
489,IDEA,10.1,10.4,11.4,6.0,8.3,8.6
490,IDFC,56.8,56.6,53.45,54.2,52.6,30.05
491,IDFCFIRSTB,50.55,52.85,47.35,49.75,56.85,31.65
492,IDFNIFTYET,188.54,192.04,183.53,170.18,154.05,122.0
493,IEX,734.05,732.0,620.35,421.85,395.0,194.4
494,IFBAGRO,719.6,632.8,566.05,592.35,416.65,358.2
495,IFBIND,1239.9,1304.15,1193.6,1006.55,945.4,714.95
496,IFCI,12.25,12.65,13.05,13.8,10.95,5.8
497,IFGLEXPOR,302.2,295.5,317.7,417.65,379.65,146.5
498,IGARASHI,525.6,540.1,514.6,527.2,446.55,281.9
499,IGL,477.2,473.2,530.3,545.55,519.85,421.65
500,IGPL,863.15,861.2,741.45,724.8,452.75,314.0
501,IIFLSEC,98.65,99.5,100.55,108.5,61.7,38.6
502,IIFLWAM,1593.05,1564.5,1600.0,1589.6,1165.4,908.75
503,IMPAL,759.45,771.1,754.85,800.8,653.25,527.15
504,INDBANK,22.75,23.0,23.1,30.3,13.55,8.5
505,INDHOTEL,206.5,207.45,184.1,145.6,112.6,98.55
506,INDIACEM,205.75,199.1,200.8,194.6,164.45,121.45
507,INDIAGLYCO,854.1,851.35,842.7,701.85,493.8,274.4
508,INDIAMART,7190.7,7244.55,8310.6,7432.45,7687.05,4951.75
509,INDIANB,172.1,186.1,141.8,140.15,113.85,60.15
510,INDIANHUME,189.15,195.35,200.7,237.05,174.5,160.05
511,INDIGO,2179.3,2021.2,1976.05,1662.55,1662.95,1423.15
512,INDLMETER,11.75,12.25,11.85,13.3,14.85,12.9
513,INDNIPPON,394.9,431.2,360.3,387.9,361.6,327.75
514,INDOCO,478.0,459.9,446.85,448.95,358.45,255.2
515,INDOSTAR,263.15,270.05,282.75,347.35,302.75,295.4
516,INDRAMEDCO,72.3,74.25,78.9,82.9,90.0,49.7
517,INDSWFTLAB,61.05,59.2,63.9,87.55,78.85,50.7
518,INDTERRAIN,46.35,44.1,42.2,40.65,26.95,28.15
519,INDUSINDBK,1229.1,1154.9,1104.05,1020.55,924.95,738.65
520,INEOSSTYRO,1472.85,1499.45,1404.8,1446.15,1234.55,545.4
521,INFIBEAM,44.9,44.9,41.75,42.1,38.4,84.2
522,INFRABEES,532.95,534.58,519.62,467.14,423.63,329.14
523,INFY,1700.05,1703.7,1665.15,1649.25,1361.6,1112.75
524,INGERRAND,1123.2,1170.3,1020.95,992.3,739.0,581.1
525,INOXLEISUR,423.05,419.8,391.8,313.9,272.75,266.4
526,INOXWIND,125.05,116.55,99.15,124.35,74.75,37.55
527,INSECTICID,643.25,649.75,682.9,833.25,517.75,459.85
528,INTELLECT,695.3,672.45,699.1,722.7,794.15,238.9
529,INTENTECH,69.85,67.1,64.15,105.9,43.8,33.35
530,INVENTURE,2.4,2.5,2.8,3.25,25.15,17.2
531,IOB,21.4,22.2,22.5,23.45,15.8,9.65
532,IOC,131.65,131.5,127.4,105.3,92.6,80.25
533,IOLCP,552.8,564.25,583.4,661.6,649.5,691.55
534,IPCALAB,2125.8,2189.5,2423.6,2088.05,2095.85,2336.8
535,IRB,237.8,292.35,210.15,169.55,103.2,109.5
536,IRCON,47.05,49.75,45.1,44.4,88.1,77.95
537,IRCTC,855.45,4189.5,3793.6,2491.15,1725.2,1311.2
538,ISEC,764.75,762.65,761.95,723.4,486.5,454.0
539,ISFT,142.4,128.65,127.4,115.15,84.75,73.4
540,ITC,226.85,236.7,235.35,208.6,202.75,173.95
541,ITDC,373.5,391.9,421.7,390.25,334.05,221.7
542,ITDCEM,80.35,82.25,78.15,84.35,71.2,52.9
543,ITI,118.9,119.3,124.4,127.45,115.35,124.75
544,IVP,115.15,112.1,124.95,126.8,114.4,41.65
545,IVZINGOLD,4296.7,4322.9,4189.4,4320.0,4277.9,4715.0
546,IVZINNIFTY,1941.1,1981.27,1913.25,1755.45,1584.4,1309.8
547,IZMO,95.1,90.5,90.55,121.85,82.75,37.0
548,J&KBANK,40.8,40.9,37.95,38.5,24.8,14.3
549,JAGRAN,63.8,66.85,59.85,67.65,54.8,37.1
550,JAGSNPHARM,175.65,176.4,155.6,183.7,96.5,40.25
551,JAIBALAJI,53.4,49.45,54.0,67.45,49.4,16.1
552,JAICORPLTD,125.65,125.8,128.75,146.15,86.95,85.7
553,JAMNAAUTO,98.05,97.5,90.05,88.25,70.95,45.25
554,JASH,506.55,506.1,494.55,577.55,391.65,198.8
555,JAYAGROGN,229.3,232.15,256.85,298.1,175.45,96.1
556,JAYBARMARU,187.9,196.85,203.3,214.95,293.1,223.15
557,JAYSREETEA,104.35,107.45,105.8,126.05,87.2,62.3
558,JBCHEPHARM,1675.7,1685.15,1886.2,1801.55,1455.2,1020.75
559,JBMA,611.25,602.65,528.2,487.0,405.95,240.45
560,JCHAC,2069.0,2079.75,2168.4,2264.55,2273.85,2168.1
561,JINDALPOLY,947.05,967.85,1013.55,1074.55,828.3,483.55
562,JINDALSAW,114.15,119.35,113.55,138.15,86.05,62.25
563,JINDALSTEL,430.9,445.7,401.7,415.95,458.9,212.3
564,JINDRILL,138.25,144.95,142.0,137.35,95.45,71.1
565,JINDWORLD,125.35,134.05,93.9,72.3,50.6,49.9
566,JISLJALEQS,44.6,43.8,36.35,32.9,18.7,14.2
567,JKCEMENT,3390.45,3157.8,3208.5,3349.2,2778.35,1874.6
568,JKIL,164.45,162.85,184.75,214.0,174.6,106.0
569,JKLAKSHMI,614.7,585.45,627.0,662.95,407.55,287.25
570,JKPAPER,226.45,223.65,227.6,246.15,144.25,90.55
571,JKTYRE,145.7,151.5,148.9,157.25,115.8,71.1
572,JMA,64.9,63.85,60.9,69.05,46.3,28.75
573,JMCPROJECT,104.4,109.1,110.05,115.95,92.85,47.85
574,JMFINANCIL,85.9,90.4,92.05,98.1,82.4,75.45
575,JOCIL,211.1,223.1,229.85,259.7,172.2,172.55
576,JPINFRATEC,2.0,2.0,1.9,2.2,1.45,1.35
577,JPPOWER,4.6,4.75,4.2,5.1,3.0,2.55
578,JSL,197.5,192.35,168.35,157.65,90.35,58.4
579,JSLHISAR,340.85,339.9,298.25,290.2,164.2,103.45
580,JSWHL,4693.55,4613.35,4721.75,5070.0,4018.4,2557.0
581,JSWSTEEL,688.95,694.35,674.25,747.25,729.8,326.45
582,JTEKTINDIA,98.45,101.65,105.35,119.75,82.3,76.3
583,JUBLFOOD,3746.85,3715.6,4045.9,3732.25,2827.75,2263.15
584,JUBLINDS,560.0,566.4,496.15,409.95,331.95,130.65
585,JUMPNET,7.25,7.55,8.3,9.75,6.65,30.25
586,JUNIORBEES,445.76,445.46,443.55,415.86,372.79,294.69
587,JUSTDIAL,787.65,839.5,989.95,967.1,825.3,585.7
588,JYOTHYLAB,155.85,154.0,167.4,172.9,143.05,134.25
589,KABRAEXTRU,248.1,240.95,258.85,207.8,163.85,79.0
590,KAJARIACER,1221.6,1269.15,1199.35,1034.45,908.25,569.55
591,KAKATCEM,228.0,230.65,241.65,279.65,235.5,155.4
592,KALPATPOWR,409.75,437.5,404.85,471.5,354.0,254.6
593,KAMATHOTEL,58.55,58.3,52.25,47.7,29.4,29.7
594,KAMDHENU,235.8,233.3,231.7,184.9,148.15,73.1
595,KANORICHEM,174.75,181.7,201.7,181.25,123.7,37.45
596,KANSAINER,552.85,568.2,637.15,632.55,592.75,512.0
597,KARURVYSYA,48.55,51.7,47.0,47.4,54.65,34.0
598,KAYA,495.3,506.25,464.2,481.95,264.5,211.45
599,KCP,131.25,129.7,136.4,158.85,103.7,67.9
600,KCPSUGIND,20.8,21.8,22.05,24.1,22.65,14.35
601,KDDL,571.45,470.1,442.25,367.5,303.15,156.85
602,KEC,468.6,522.8,440.8,415.95,379.45,336.65
603,KEI,938.1,965.35,965.45,715.2,522.3,331.1
604,KELLTONTEC,47.55,48.65,50.75,56.45,64.5,49.8
605,KENNAMET,1424.6,1395.0,1360.3,1258.75,1028.25,747.8
606,KESORAMIND,63.9,65.65,63.1,96.25,72.95,40.45
607,KEYFINSERV,74.25,75.05,81.55,74.8,56.4,39.55
608,KHADIM,283.35,304.1,227.55,283.8,149.75,110.8
609,KHAICHEM,65.3,61.6,59.1,72.45,26.0,20.35
610,KHANDSE,16.45,16.0,16.65,18.3,13.85,8.85
611,KICL,1987.85,2050.8,2080.05,2167.35,1627.65,1267.15
612,KINGFA,951.1,979.85,997.9,1119.7,586.0,617.2
613,KIOCL,267.25,269.8,251.3,291.65,165.3,111.2
614,KIRIINDUS,485.7,502.35,506.6,562.35,435.1,485.95
615,KIRLFER,229.4,248.75,257.45,297.85,225.5,91.3
616,KIRLOSENG,200.45,214.8,202.4,243.35,187.2,99.95
617,KIRLOSIND,1600.85,1558.65,1655.95,1613.7,1386.5,607.2
618,KITEX,159.2,158.65,167.0,169.1,97.2,101.95
619,KKCL,1215.0,1192.35,916.5,887.1,878.5,719.25
620,KMSUGAR,23.9,25.35,26.1,28.0,17.95,9.65
621,KNRCON,284.65,282.5,289.9,277.6,199.9,253.9
622,KOKUYOCMLN,69.25,64.3,67.45,72.8,56.15,59.65
623,KOLTEPATIL,321.65,315.55,323.75,251.8,209.2,169.6
624,KOTAKBANK,2076.5,2210.95,1993.55,1749.95,1788.25,1718.05
625,KOTAKBKETF,402.85,415.92,376.42,363.13,330.02,270.53
626,KOTAKGOLD,41.69,41.95,40.6,41.82,410.45,457.95
627,KOTAKNIFTY,189.22,192.07,184.75,170.63,154.01,127.73
628,KOTAKNV20,96.88,97.49,98.5,90.46,80.43,62.48
629,KOTAKPSUBK,278.7,281.82,243.83,244.55,208.87,136.23
630,KOTARISUG,32.2,33.55,31.2,36.75,31.35,13.9
631,KOTHARIPET,48.2,49.05,51.9,58.85,28.5,14.95
632,KPITTECH,309.55,323.6,338.05,305.3,204.15,95.5
633,KPRMILL,464.45,466.1,426.05,1984.55,1451.0,762.7
634,KRBL,284.5,291.5,321.55,280.2,203.3,266.25
635,KREBSBIO,165.65,165.1,175.3,120.8,121.7,86.45
636,KRIDHANINF,5.05,4.75,4.6,5.4,3.75,2.5
637,KSB,1304.7,1298.7,1232.4,1196.55,922.2,510.75
638,KSCL,520.4,524.7,583.2,726.3,610.45,522.6
639,KSL,371.45,379.3,383.65,436.4,367.05,215.65
640,KTKBANK,69.8,70.8,68.95,60.9,62.5,42.8
641,KUANTUM,89.25,75.75,79.2,88.6,68.55,42.5
642,L&TFH,83.4,84.85,89.65,89.2,85.1,67.65
643,LALPATHLAB,3651.0,3556.45,3707.05,3825.55,2841.45,2318.65
644,LAOPALA,308.7,296.95,307.1,284.4,222.15,210.1
645,LASA,62.1,63.15,76.35,73.8,78.05,79.1
646,LAURUSLABS,495.85,564.6,619.2,646.8,481.25,276.8
647,LAXMIMACH,8713.75,8631.2,8111.85,8384.9,6164.35,4055.65
648,LEMONTREE,55.0,52.8,45.6,41.0,35.55,27.6
649,LGBBROSLTD,556.25,493.15,452.85,514.05,286.65,250.15
650,LIBAS,46.3,45.3,49.25,69.25,44.9,30.1
651,LIBERTSHOE,161.55,166.3,169.9,180.35,134.05,145.45
652,LICHSGFIN,415.75,405.8,427.95,409.6,412.2,301.9
653,LICNETFGSC,23.6,22.96,23.12,22.08,21.87,21.69
654,LICNETFN50,191.9,193.0,186.07,172.1,173.81,128.76
655,LICNETFSEN,645.42,654.73,633.0,577.53,522.0,430.55
656,LICNFNHGP,182.28,179.7,174.83,163.25,154.88,121.84
657,LIKHITHA,364.7,362.95,371.05,405.85,370.8,163.05
658,LINCOLN,347.2,349.55,393.25,347.05,295.05,221.15
659,LINCPEN,225.3,228.75,228.15,211.15,154.35,154.05
660,LINDEINDIA,2357.6,2364.5,2627.95,1742.9,1818.6,885.6
661,LIQUIDBEES,999.99,999.99,1000.0,1000.0,999.99,999.99
662,LIQUIDETF,999.99,1000.0,1000.0,1000.0,1000.0,999.99
663,LOVABLE,130.85,124.1,117.95,119.6,88.9,54.05
664,LT,1795.35,1796.25,1696.9,1623.2,1339.9,960.75
665,LTI,6802.15,6506.65,5750.8,4694.9,3812.35,3168.25
666,LTTS,4903.1,4564.85,4644.35,3635.15,2549.15,1691.15
667,LUMAXIND,1326.0,1323.2,1442.55,1566.5,1528.9,1285.65
668,LUMAXTECH,130.7,131.9,137.15,163.45,138.2,94.7
669,LUPIN,944.35,929.8,966.4,1152.2,1198.3,916.9
670,LUXIND,3802.55,3545.6,3634.75,4174.15,1941.0,1416.95
671,LYKALABS,98.55,95.15,76.8,84.9,41.1,17.05
672,LYPSAGEMS,4.8,5.0,4.5,5.0,4.0,2.95
673,M&M,870.35,894.55,827.85,766.25,747.4,613.6
674,M&MFIN,190.7,188.2,186.3,154.35,155.65,130.0
675,MACPOWER,197.0,201.1,169.0,178.3,83.05,60.65
676,MADHAV,54.75,54.95,54.95,65.7,49.15,25.05
677,MADRASFERT,28.3,29.2,30.5,30.9,27.9,16.0
678,MAGADSUGAR,280.2,295.3,300.95,300.2,163.5,105.5
679,MAHABANK,20.7,21.8,20.0,21.4,24.6,11.15
680,MAHASTEEL,89.15,86.5,93.85,107.05,88.4,101.0
681,MAHEPC,127.45,131.55,134.7,142.25,145.45,129.7
682,MAHINDCIE,276.65,284.4,239.9,260.75,180.7,140.45
683,MAHLIFE,279.95,275.55,273.7,771.45,467.6,268.4
684,MAHLOG,637.0,668.95,731.35,703.4,536.65,378.45
685,MAHSCOOTER,4339.65,4549.1,4672.6,4348.5,3537.05,3064.95
686,MAHSEAMLES,512.0,512.7,322.4,314.7,290.75,242.15
687,MAITHANALL,1056.25,1137.6,1155.95,1208.65,808.25,509.8
688,MALUPAPER,34.0,34.45,35.05,37.35,26.65,23.1
689,MAN50ETF,185.01,188.1,180.09,166.98,150.71,124.81
690,MANAKALUCO,19.85,20.3,20.25,17.3,11.2,6.65
691,MANAKCOAT,18.15,18.5,14.1,13.35,16.25,3.9
692,MANAKSIA,65.3,65.3,65.6,69.65,53.8,38.15
693,MANAKSTEEL,30.2,29.8,31.85,34.15,24.5,9.55
694,MANAPPURAM,193.95,204.5,179.55,211.1,149.35,162.4
695,MANGALAM,134.8,139.1,147.3,176.25,138.4,144.65
696,MANGCHEFER,70.1,72.8,74.75,78.75,89.9,31.2
697,MANGLMCEM,425.1,412.25,450.5,518.55,277.85,209.95
698,MANINDS,107.15,105.2,109.7,140.35,97.5,70.4
699,MANINFRA,128.05,122.55,109.65,65.1,38.8,25.6
700,MANUGRAPH,11.4,11.8,12.15,13.8,10.75,8.2
701,MANXT50,425.0,423.87,424.38,396.8,355.03,280.6
702,MARALOVER,82.35,77.5,80.2,84.55,36.85,13.95
703,MARATHON,89.95,85.1,99.75,80.6,48.0,54.15
704,MARICO,574.75,563.25,549.55,536.25,475.75,380.5
705,MARKSANS,66.7,65.9,68.9,84.95,73.8,51.85
706,MARUTI,7615.55,7297.35,7162.3,7102.9,6666.65,6907.6
707,MASFIN,746.35,757.85,771.75,797.95,817.25,831.05
708,MASTEK,2788.9,2832.05,3050.3,2511.0,1840.4,917.35
709,MATRIMONY,957.75,988.9,978.05,1126.6,936.05,659.8
710,MAXHEALTH,342.8,343.35,358.7,280.75,228.65,114.5
711,MAXIND,74.7,75.35,74.8,72.1,66.8,57.95
712,MAXVIL,127.75,126.25,116.35,94.6,58.1,38.3
713,MAYURUNIQ,426.5,442.6,462.05,535.3,461.05,254.75
714,MAZDA,611.2,628.8,678.85,563.7,473.85,548.1
715,MAZDOCK,260.0,263.6,250.85,249.65,208.4,170.05
716,MBLINFRA,19.75,20.9,18.85,23.25,17.25,8.4
717,MCDOWELL-N,973.6,834.45,865.15,643.05,543.45,544.2
718,MCL,34.05,35.1,38.6,42.95,86.2,61.0
719,MCX,1722.25,1712.0,1671.85,1570.85,1479.2,1728.25
720,MENONBE,78.5,74.9,71.9,83.85,56.55,47.9
721,METROPOLIS,2993.4,2922.05,2781.5,2995.25,2340.5,1980.7
722,MFSL,989.65,975.9,1012.75,1108.5,931.45,621.15
723,MGL,1015.65,1007.95,1099.7,1174.1,1149.1,837.6
724,MHRIL,230.2,236.4,244.15,304.6,209.4,174.9
725,MIDHANI,196.0,189.75,188.15,190.7,195.55,185.9
726,MINDACORP,167.3,139.15,132.95,134.55,108.4,68.6
727,MINDAIND,774.1,765.55,721.8,766.35,515.3,326.9
728,MINDTREE,4733.7,4550.9,4184.6,2830.2,2248.35,1356.7
729,MIRZAINT,62.95,63.15,60.0,62.5,47.5,46.7
730,MITTAL,9.95,10.25,10.05,11.35,10.0,10.9
731,MMFL,832.3,847.35,781.4,760.2,472.05,334.3
732,MMP,151.95,152.6,148.65,172.55,93.75,75.2
733,MMTC,42.55,44.25,45.1,48.4,42.65,16.25
734,MOIL,159.1,160.95,163.4,183.85,163.45,122.8
735,MOLDTKPAC,668.7,679.3,586.9,515.95,460.9,257.65
736,MONTECARLO,392.8,394.35,374.75,359.65,247.7,183.45
737,MORARJEE,18.6,18.55,16.55,19.0,13.95,9.85
738,MOREPENLAB,50.2,50.0,56.1,62.3,58.9,27.5
739,MOTHERSUMI,230.35,227.05,224.9,236.5,222.15,117.05
740,MOTILALOFS,915.35,892.1,872.25,869.4,708.25,561.25
741,MOTOGENFIN,23.7,24.7,24.05,24.5,20.2,15.3
742,MPHASIS,3320.95,3244.0,3026.25,2663.75,1846.0,1335.2
743,MPSLTD,701.5,716.35,672.5,704.45,642.35,376.45
744,MRF,78741.05,80093.75,78994.4,80453.0,77887.3,68516.85
745,MRO-TEK,53.15,59.8,61.45,30.65,22.55,19.05
746,MRPL,49.1,51.65,50.85,43.3,44.15,27.2
747,MSTCLTD,379.3,449.7,314.5,288.3,255.05,149.6
748,MTEDUCARE,8.1,8.45,8.45,9.05,6.85,9.05
749,MTNL,18.15,17.75,19.1,20.0,17.05,9.75
750,MUKTAARTS,48.4,42.95,42.0,39.65,29.5,27.15
751,MUNJALAU,56.6,56.45,58.65,69.35,58.3,55.05
752,MUNJALSHOW,129.6,130.85,139.75,149.25,141.8,135.85
753,MURUDCERA,25.4,25.5,25.55,31.55,19.9,16.45
754,MUTHOOTCAP,388.8,389.15,401.55,425.6,366.25,386.65
755,MUTHOOTFIN,1492.6,1529.3,1533.8,1592.3,1170.15,1256.35
756,NACLIND,76.0,72.6,80.2,77.75,40.25,41.9
757,NAHARCAP,319.75,282.55,284.9,366.65,101.65,66.35
758,NAHARPOLY,238.0,231.8,243.35,294.0,133.25,84.7
759,NAM-INDIA,423.1,430.95,440.65,409.05,345.55,285.0
760,NATCOPHARM,842.2,842.35,902.7,1016.25,944.2,928.3
761,NATHBIOGEN,304.95,299.6,324.65,379.6,342.65,279.85
762,NATIONALUM,101.3,106.8,95.5,93.35,68.55,32.65
763,NAUKRI,6296.15,6069.65,6428.65,5351.3,4758.45,3595.75
764,NAVINFLUOR,3361.35,3460.5,3722.0,3613.6,3620.25,2513.2
765,NAVKARCORP,41.55,40.5,41.45,47.8,34.6,25.3
766,NAVNETEDUL,104.35,105.0,111.9,101.9,75.0,77.45
767,NBCC,45.1,47.05,48.2,48.75,44.75,22.9
768,NBVENTURES,118.8,113.85,120.15,125.85,83.25,51.4
769,NCC,71.65,74.95,81.9,86.95,74.15,34.8
770,NCLIND,243.1,235.5,233.6,285.9,181.45,141.95
771,NDTV,79.55,79.75,82.6,73.4,66.7,29.15
772,NECCLTD,18.85,19.05,18.4,18.2,8.35,7.5
773,NECLIFE,26.4,26.9,29.65,32.2,25.85,16.65
774,NELCAST,87.05,84.4,91.4,88.65,70.8,58.35
775,NEOGEN,1235.55,1187.45,1249.6,913.05,902.9,664.6
776,NESCO,609.1,614.05,600.35,620.15,491.95,501.35
777,NESTLEIND,18939.6,19217.6,19549.95,18057.35,16717.6,17006.65
778,NETF,186.99,190.1,219.2,194.72,178.45,134.3
779,NETFCONSUM,76.9,76.38,77.7,69.46,64.08,54.56
780,NETFDIVOPP,44.9,45.62,45.43,41.8,37.56,28.2
781,NETFIT,35.97,35.92,35.43,31.57,26.44,21.66
782,NETFLTGILT,22.62,22.68,22.79,22.48,22.46,22.27
783,NETFMID150,116.8,116.89,115.13,106.87,93.9,68.23
784,NETFNIF100,187.67,189.99,183.24,169.33,153.64,123.6
785,NETFNV20,98.07,98.4,99.12,90.78,81.05,63.32
786,NETWORK18,82.25,81.5,54.3,49.15,40.6,33.3
787,NEXTMEDIA,5.25,5.55,5.75,5.35,4.3,3.95
788,NFL,55.25,55.75,58.4,61.55,62.6,32.7
789,NH,514.45,528.85,507.85,498.1,405.1,341.95
790,NHPC,31.95,31.5,29.1,26.15,24.3,21.7
791,NIACL,153.05,158.7,162.0,157.0,152.55,102.9
792,NIFTYBEES,193.84,197.13,189.22,174.67,157.54,130.61
793,NIITLTD,299.4,314.35,349.65,305.2,173.5,132.9
794,NILKAMAL,2375.0,2482.8,2753.2,2966.25,2037.35,1349.95
795,NIPPOBATRY,481.9,988.7,970.3,1039.4,828.7,529.05
796,NITCO,23.3,22.75,22.7,25.6,19.9,17.05
797,NLCINDIA,64.0,64.05,61.7,58.8,49.45,49.3
798,NMDC,145.65,142.55,143.65,179.2,170.4,90.4
799,NOCIL,269.75,276.95,286.55,277.1,189.95,137.45
800,NOVARTIND,738.7,748.3,813.9,946.25,648.5,650.0
801,NPBET,206.34,213.72,189.72,186.51,174.45,143.2
802,NRAIL,290.85,298.3,320.15,303.5,214.1,179.3
803,NRBBEARING,130.0,132.25,142.15,137.15,106.3,69.3
804,NSIL,1664.1,1737.65,1753.7,1830.3,1504.85,743.05
805,NTPC,134.3,143.2,139.9,117.85,103.05,87.3
806,NUCLEUS,579.4,581.45,581.65,661.35,542.65,581.35
807,NXTDIGITAL,385.35,407.8,418.15,471.45,459.95,623.15
808,OAL,799.05,828.8,941.1,899.05,898.45,470.8
809,OBEROIRLTY,964.45,940.35,916.2,718.4,545.05,429.35
810,OCCL,1052.8,1055.45,1050.85,1155.3,912.55,788.55
811,OFSS,4409.4,4544.35,4512.25,4286.4,3487.45,3075.75
812,OIL,225.35,220.5,250.05,165.6,121.75,86.35
813,OMAXE,75.05,76.1,78.3,86.3,68.9,68.3
814,ONGC,153.15,163.1,146.25,117.35,110.25,68.0
815,ONMOBILE,112.8,113.65,112.25,140.55,104.1,42.55
816,ONWARDTEC,225.45,226.6,226.75,254.95,124.9,60.45
817,ORBTEXP,78.85,83.45,76.0,85.35,58.65,58.95
818,ORICONENT,26.3,27.85,31.8,34.35,23.3,18.25
819,ORIENTABRA,29.75,27.65,28.85,33.7,25.45,18.95
820,ORIENTALTL,10.2,9.75,8.45,9.9,7.15,7.75
821,ORIENTBELL,365.0,346.85,359.4,352.7,225.85,123.05
822,ORIENTCEM,163.8,155.8,157.15,169.5,114.75,64.85
823,ORIENTELEC,357.15,340.45,330.7,323.9,275.75,213.45
824,ORIENTHOT,37.4,38.55,38.55,37.15,24.4,20.2
825,ORIENTLTD,67.15,68.05,71.1,80.3,77.45,70.0
826,ORIENTPPR,31.0,30.8,30.8,31.1,25.1,16.25
827,ORISSAMINE,2608.55,2618.25,2856.4,2977.05,2369.15,2136.45
828,OSWALAGRO,16.7,16.45,17.0,16.25,9.45,8.45
829,PAGEIND,38575.3,37383.6,32281.05,32760.5,29547.0,21581.4
830,PAISALO,943.1,1020.3,882.9,649.5,619.0,402.15
831,PALASHSECU,74.0,74.15,85.6,75.35,58.0,29.9
832,PANACEABIO,209.9,213.25,281.55,346.6,335.9,176.7
833,PANAMAPET,269.1,265.0,268.2,296.0,180.15,55.35
834,PARAGMILK,138.95,135.65,126.05,134.65,138.9,111.4
835,PARSVNATH,14.85,14.35,14.75,15.85,7.6,2.45
836,PATELENG,25.3,25.7,20.05,14.8,12.6,9.95
837,PATINTLOG,16.0,25.3,21.85,24.95,18.7,21.45
838,PATSPINLTD,8.15,8.6,8.8,13.1,4.65,4.25
839,PCJEWELLER,28.4,28.45,26.35,24.3,23.05,16.35
840,PDMJEPAPER,39.65,41.3,40.7,41.2,23.5,17.0
841,PDSMFL,1402.25,1381.85,1187.2,1356.85,690.45,386.15
842,PEARLPOLY,14.85,15.1,15.25,16.4,15.8,16.0
843,PEL,2615.1,2673.2,2655.4,2550.5,1700.1,1346.25
844,PENIND,27.75,28.35,28.75,37.55,19.4,16.3
845,PERSISTENT,4050.9,3929.55,3643.25,3058.65,2201.3,1145.55
846,PETRONET,232.05,232.05,235.6,215.5,243.65,230.45
847,PFC,135.15,137.2,139.9,130.8,108.85,95.7
848,PFIZER,5067.75,4979.05,5569.45,5899.45,5326.65,4930.6
849,PFS,19.45,20.55,19.8,19.9,17.85,17.3
850,PGHH,14434.05,14420.7,14048.3,12678.75,13425.8,10261.6
851,PGHL,5503.65,5599.5,5518.6,5511.15,6277.15,5311.1
852,PGIL,297.1,302.3,303.8,415.05,178.25,163.6
853,PHILIPCARB,222.9,233.4,265.0,260.7,203.25,150.95
854,PHOENIXLTD,961.4,951.95,961.55,863.85,757.65,551.85
855,PIDILITIND,2362.95,2318.85,2417.25,2264.3,1799.95,1596.7
856,PIIND,2998.7,3035.9,3100.45,3139.55,2664.1,2315.85
857,PILANIINVS,1895.65,1840.6,1905.15,1953.7,1681.85,1979.5
858,PILITA,6.95,6.95,7.25,7.35,13.4,6.8
859,PIONDIST,196.35,167.65,173.45,126.65,108.0,104.55
860,PIONEEREMB,57.55,58.35,61.2,66.45,46.8,21.0
861,PITTIENG,170.7,173.95,155.75,201.05,65.75,43.35
862,PLASTIBLEN,237.45,241.85,273.55,261.4,253.15,205.0
863,PNB,42.1,45.85,40.6,39.4,36.4,27.75
864,PNBGILTS,65.65,65.7,66.6,72.6,52.85,44.05
865,PNCINFRA,326.3,335.95,371.45,307.3,218.95,164.6
866,PODDARHOUS,178.6,194.35,197.4,200.55,167.0,151.4
867,PODDARMENT,333.4,329.45,347.9,369.7,215.0,177.0
868,POKARNA,583.15,553.85,500.55,447.1,246.1,137.65
869,POLYCAB,2332.3,2298.7,2346.75,1815.0,1477.65,927.45
870,POLYMED,918.2,900.85,935.45,963.3,1018.75,491.75
871,POLYPLEX,1675.7,1697.6,1768.1,1534.8,1154.4,784.75
872,POWERGRID,187.75,190.4,191.85,175.25,215.4,178.45
873,POWERINDIA,2170.5,2342.85,2453.15,1972.6,1721.5,936.95
874,POWERMECH,987.0,1009.35,968.75,816.75,568.25,384.0
875,PPAP,239.85,245.0,240.1,291.6,205.15,227.3
876,PPL,154.15,151.6,157.7,173.3,135.45,72.7
877,PRAKASH,65.6,69.4,71.8,79.05,88.3,45.15
878,PRAKASHSTL,2.65,2.6,2.05,1.7,1.0,0.6
879,PRECAM,99.1,103.4,96.0,99.6,46.75,33.25
880,PRECWIRE,300.1,257.35,226.9,223.15,193.7,129.3
881,PREMIERPOL,66.95,68.1,68.05,102.05,38.0,22.65
882,PRESSMN,28.2,28.85,27.1,36.45,24.05,16.6
883,PRESTIGE,435.7,441.1,480.95,368.2,274.1,254.8
884,PRICOLLTD,107.85,100.9,102.8,95.85,82.7,56.9
885,PRIMESECU,120.1,124.8,83.0,112.8,42.15,43.9
886,PRINCEPIPE,734.6,713.85,691.35,693.25,583.7,240.05
887,PRIVISCL,1607.2,1624.55,1830.2,1708.9,994.4,529.3
888,PROZONINTU,27.0,26.95,27.7,32.2,16.8,15.85
889,PRSMJOHNSN,121.35,119.25,124.65,138.25,132.55,75.05
890,PSB,18.2,18.45,17.55,19.0,18.95,10.7
891,PSPPROJECT,518.15,517.5,512.65,453.1,413.7,394.95
892,PSUBNKBEES,31.26,31.42,27.29,27.25,23.15,15.06
893,PTC,127.5,132.2,115.05,102.75,83.45,48.65
894,PTL,49.0,49.25,46.95,52.0,37.95,37.15
895,PUNJABCHEM,1426.8,1425.95,1589.25,1413.75,1040.0,616.25
896,PURVA,137.65,129.1,137.8,109.35,72.5,44.55
897,PVR,1729.85,1758.6,1599.55,1373.85,1138.05,1215.45
898,QGOLDHALF,2052.0,2073.0,1999.05,2063.05,2029.4,2272.7
899,QUESS,888.05,935.75,924.3,889.5,633.7,408.8
900,QUICKHEAL,226.1,236.8,233.85,305.85,186.1,166.8
901,RADICO,1091.8,1109.7,896.6,885.0,560.3,435.25
902,RADIOCITY,24.35,24.75,24.1,25.0,24.7,21.95
903,RAIN,220.55,229.95,243.4,253.75,175.25,103.5
904,RAJESHEXPO,638.7,638.35,586.05,609.2,502.45,452.9
905,RAJSREESUG,23.75,24.9,26.3,27.05,20.65,12.35
906,RALLIS,262.15,262.0,284.8,312.1,289.55,241.65
907,RAMANEWS,19.0,19.15,19.6,23.1,15.65,12.7
908,RAMCOCEM,1070.15,1014.85,990.75,1073.85,976.85,837.05
909,RAMCOIND,276.95,296.25,303.7,325.1,283.75,195.45
910,RAMCOSYS,397.65,453.5,482.7,517.05,504.15,448.9
911,RANEENGINE,268.65,273.4,293.75,336.75,268.05,195.95
912,RANEHOLDIN,613.8,591.15,603.15,742.5,584.5,419.2
913,RATNAMANI,2120.05,2209.55,2180.4,2122.75,1930.55,1265.25
914,RAYMOND,466.3,450.55,452.5,443.55,328.25,285.0
915,RBL,800.6,812.9,870.55,1001.1,805.7,656.45
916,RBLBANK,185.0,210.85,193.5,180.4,185.0,193.25
917,RCF,77.5,78.55,80.7,82.2,79.55,43.9
918,RECLTD,150.2,151.7,156.1,154.4,130.6,108.15
919,REDINGTON,142.9,149.45,144.6,327.6,180.25,118.35
920,REFEX,127.25,136.65,147.75,142.15,132.35,47.05
921,RELAXO,1340.45,1338.75,1171.6,1164.2,894.1,698.9
922,RELIANCE,2537.8,2661.05,2523.7,2103.75,1931.0,2029.15
923,RELIGARE,167.35,159.85,177.6,163.85,101.0,51.3
924,REPCOHOME,281.2,280.85,306.75,330.0,332.1,198.75
925,REPRO,571.1,583.95,541.1,356.7,349.3,355.3
926,RESPONIND,117.8,118.35,122.4,132.8,155.9,156.05
927,REVATHI,599.95,596.45,596.65,676.55,550.35,437.75
928,RGL,915.45,869.95,798.15,670.05,381.85,234.2
929,RICOAUTO,42.75,43.1,47.75,55.6,40.75,30.1
930,RIIL,652.6,671.8,685.9,687.2,375.7,372.55
931,RITES,281.8,283.05,275.25,269.6,239.35,242.25
932,RKFORGE,1081.9,1193.8,1088.6,907.95,575.75,367.05
933,RML,366.65,378.65,387.8,430.85,340.85,199.8
934,ROSSARI,1336.75,1436.9,1438.4,1384.15,1213.05,780.75
935,ROSSELLIND,159.0,157.25,155.5,181.3,121.9,129.4
936,ROUTE,1954.0,1968.8,2042.15,1998.35,1602.85,926.2
937,RPGLIFE,719.3,673.55,680.15,505.05,452.1,362.4
938,RPPINFRA,59.0,58.3,66.3,87.15,64.6,45.85
939,RSSOFTWARE,32.4,33.6,34.65,35.65,28.75,20.8
940,RSYSTEMS,219.7,212.85,222.25,199.5,150.75,122.85
941,RUBYMILLS,269.8,285.25,305.75,312.4,177.65,154.65
942,RUCHIRA,81.05,80.8,87.25,92.25,63.7,47.5
943,RUPA,479.8,457.95,445.8,515.7,296.2,195.8
944,RUSHIL,274.15,252.0,255.15,312.35,203.4,90.5
945,RVNL,36.2,37.7,30.0,29.65,28.4,18.45
946,SADBHAV,47.6,48.55,48.0,67.75,61.95,45.65
947,SADBHIN,15.8,15.9,16.1,27.5,19.7,15.9
948,SAFARI,849.95,840.6,845.45,753.55,609.1,467.55
949,SAGCEM,276.7,285.95,288.15,1513.1,744.1,748.65
950,SAIL,125.25,119.9,114.8,137.55,133.65,37.95
951,SAKAR,153.8,154.6,160.75,191.45,135.45,86.45
952,SAKSOFT,925.5,981.35,1067.7,662.15,529.95,343.6
953,SALASAR,272.45,269.25,279.85,329.5,508.2,210.25
954,SALONA,204.55,189.9,200.95,232.3,92.8,70.25
955,SALZERELEC,156.8,155.45,165.1,173.8,120.25,98.7
956,SANCO,8.2,8.35,8.8,8.85,8.45,14.4
957,SANDESH,771.3,768.9,780.8,895.7,720.8,503.35
958,SANDHAR,287.6,279.05,276.8,292.6,188.65,223.5
959,SANGHIIND,67.4,67.15,66.45,73.95,47.5,31.25
960,SANGHVIMOV,224.6,185.6,188.0,197.8,126.65,79.55
961,SANOFI,8282.25,8069.3,7874.7,8598.95,7704.2,8317.85
962,SARLAPOLY,55.0,52.05,49.35,46.15,29.6,17.05
963,SASKEN,1253.85,1326.85,1346.6,1276.15,970.55,664.55
964,SATIA,91.25,94.9,96.15,100.2,84.9,99.9
965,SATIN,76.35,77.0,78.5,85.6,84.4,54.7
966,SBICARD,1068.2,1123.1,1046.6,1035.05,975.45,847.5
967,SBIETFIT,359.7,359.76,354.09,315.01,263.65,216.63
968,SBIETFPB,205.15,213.29,194.24,185.65,174.87,148.09
969,SBIETFQLTY,154.49,153.45,155.99,144.11,126.34,109.85
970,SBILIFE,1163.35,1172.05,1209.05,1136.85,969.4,801.25
971,SBIN,515.7,512.55,451.65,456.95,355.55,219.2
972,SCHAEFFLER,7508.5,7208.95,7331.95,6862.0,5074.9,3772.0
973,SCHAND,126.3,121.7,111.95,136.05,97.05,63.15
974,SCHNEIDER,110.4,108.35,114.95,132.55,93.2,70.3
975,SCI,132.4,133.2,125.1,108.5,115.15,51.7
976,SDBL,41.8,43.1,40.7,48.2,30.9,25.25
977,SELAN,147.15,151.25,151.55,154.5,129.1,101.45
978,SEPOWER,10.85,10.8,8.7,9.65,4.3,2.4
979,SEQUENT,186.9,180.7,213.95,285.15,290.0,151.95
980,SESHAPAPER,173.55,173.9,181.3,200.95,163.9,129.85
981,SETF10GILT,203.25,206.05,205.26,203.7,205.95,202.08
982,SETFGOLD,4231.45,4270.5,4129.35,4270.6,4190.65,4668.05
983,SETFNIF50,183.31,186.46,179.07,165.13,149.16,126.8
984,SETFNIFBK,397.78,411.33,372.06,358.92,326.42,267.18
985,SETFNN50,442.43,441.53,439.69,412.73,369.65,292.51
986,SEYAIND,54.8,57.0,53.55,68.8,55.0,64.1
987,SFL,2483.85,2494.0,2386.45,2399.6,2034.0,1309.65
988,SGL,14.65,15.05,12.45,14.5,8.4,7.1
989,SHALBY,149.95,161.9,174.35,202.3,134.85,91.65
990,SHALPAINTS,90.95,91.35,93.65,108.4,86.4,70.0
991,SHANKARA,556.9,560.05,584.5,617.35,371.35,317.95
992,SHANTIGEAR,155.75,154.0,164.65,193.5,154.0,100.8
993,SHARDACROP,314.05,318.85,324.55,333.9,308.55,266.75
994,SHAREINDIA,773.0,795.2,696.6,556.0,379.65,99.65
995,SHARIABEES,439.9,439.4,448.23,415.0,368.2,314.36
996,SHILPAMED,596.2,575.45,551.05,624.6,438.45,429.3
997,SHIVAMILLS,101.35,95.35,87.3,108.95,46.5,23.0
998,SHIVATEX,215.4,228.3,193.6,217.25,160.0,78.75
999,SHK,144.3,155.7,154.3,174.05,151.95,88.7
1000,SHOPERSTOP,353.55,351.3,263.8,253.0,193.95,176.55
1001,SHRADHA,53.35,54.8,54.7,53.4,39.9,45.4
1002,SHREDIGCEM,82.35,82.05,78.4,91.95,69.6,64.75
1003,SHREECEM,29145.75,27777.9,29099.55,29133.15,27736.2,22053.05
1004,SHREEPUSHK,210.5,223.8,226.95,174.05,161.3,102.0
1005,SHREERAMA,13.4,12.9,13.1,14.1,13.1,6.85
1006,SHREYANIND,120.05,121.0,136.1,133.45,92.55,73.45
1007,SHRIRAMCIT,2165.75,2210.05,2056.35,1814.8,1616.2,906.25
1008,SHRIRAMEPC,6.6,6.75,6.3,5.8,4.05,3.5
1009,SHYAMCENT,12.8,12.4,13.95,13.65,5.85,3.8
1010,SIEMENS,2235.65,2169.25,2148.45,2043.3,1862.8,1329.8
1011,SIGIND,44.1,42.95,44.45,55.1,32.25,19.45
1012,SIMPLEXINF,39.05,41.45,41.85,42.1,29.65,29.35
1013,SINTERCOM,82.0,83.35,84.0,93.6,79.0,77.0
1014,SIRCA,369.35,384.6,356.05,328.7,342.85,248.8
1015,SIS,450.1,470.75,496.25,486.6,371.05,375.2
1016,SIYSIL,470.3,492.35,374.45,419.4,212.25,137.55
1017,SJVN,28.6,28.8,28.4,27.35,25.45,22.45
1018,SKFINDIA,3309.95,3181.45,3095.75,2823.3,2234.5,1500.35
1019,SKIL,3.8,3.75,3.95,4.5,2.55,2.3
1020,SKIPPER,75.35,76.65,82.0,87.8,56.0,48.05
1021,SKMEGGPROD,78.45,84.6,81.9,89.8,53.45,42.25
1022,SMARTLINK,114.75,118.55,118.75,116.0,87.65,70.05
1023,SMLISUZU,711.0,727.8,591.8,602.6,464.8,412.7
1024,SMSLIFE,850.65,845.6,737.15,735.95,592.1,573.15
1025,SMSPHARMA,139.05,140.0,152.05,191.95,157.95,82.9
1026,SNOWMAN,40.8,41.0,43.15,48.45,49.7,35.65
1027,SOBHA,827.8,765.2,778.5,622.9,477.2,295.8
1028,SOLARA,1195.95,1273.9,1608.9,1723.55,1648.75,1095.5
1029,SOLARINDS,2417.95,2449.25,2166.9,1769.35,1236.0,1033.35
1030,SONATSOFTW,857.4,821.3,885.25,808.35,595.05,331.6
1031,SORILINFRA,110.8,113.0,107.85,121.75,122.6,69.05
1032,SOTL,1404.4,1439.05,1523.75,1670.7,1040.9,684.5
1033,SOUTHBANK,9.45,9.6,10.2,10.4,8.05,6.55
1034,SPAL,322.4,321.75,330.9,332.9,176.15,129.25
1035,SPANDANA,512.15,514.75,565.55,635.85,596.7,599.35
1036,SPARC,267.25,279.1,293.45,274.25,181.55,170.2
1037,SPECIALITY,88.45,93.3,73.75,73.45,40.45,33.95
1038,SPENCERS,135.5,120.55,129.45,102.2,69.15,73.6
1039,SPIC,47.75,47.7,52.9,62.8,36.0,17.7
1040,SPICEJET,70.85,72.5,75.0,73.5,62.75,50.65
1041,SPLIL,43.55,44.1,46.9,59.65,35.75,28.7
1042,SPTL,6.65,5.55,4.85,4.9,3.15,2.3
1043,SREEL,170.0,173.45,185.1,174.05,141.1,144.8
1044,SRF,2122.1,2110.6,11089.7,9033.35,6863.15,4966.9
1045,SRHHYPOLTD,349.15,345.55,346.95,328.4,299.55,184.8
1046,SRIPIPES,196.6,195.45,208.45,235.95,190.6,116.95
1047,SRTRANSFIN,1430.7,1525.9,1294.55,1321.5,1311.4,846.4
1048,STAR,542.3,538.15,583.05,784.9,853.05,661.15
1049,STARCEMENT,100.5,100.4,107.25,109.35,100.2,86.45
1050,STARPAPER,142.4,143.9,152.8,161.7,125.1,88.2
1051,STCINDIA,99.3,103.05,101.85,112.45,81.55,56.0
1052,STEELCITY,57.85,59.75,58.25,70.5,39.0,29.75
1053,STEELXIND,80.35,76.15,73.9,80.2,63.0,33.1
1054,STEL,158.9,159.1,181.7,109.6,79.1,53.9
1055,STERTOOLS,202.5,201.6,194.0,231.25,190.0,176.4
1056,STLTECH,273.0,288.15,281.9,298.4,223.9,147.35
1057,SUBROS,360.55,380.0,332.95,338.15,302.6,279.4
1058,SUDARSCHEM,586.65,605.9,654.45,760.05,634.35,441.65
1059,SUMICHEM,369.15,386.0,397.6,431.05,298.35,280.1
1060,SUMMITSEC,709.0,712.95,766.55,772.25,520.8,396.4
1061,SUNCLAYLTD,3882.8,3746.35,3405.0,3663.8,3116.3,1660.85
1062,SUNDARMFIN,2452.25,2454.75,2449.55,2583.55,2451.7,1590.3
1063,SUNDARMHLD,78.3,80.8,75.8,85.9,74.45,52.45
1064,SUNDRMBRAK,392.15,396.2,399.75,453.1,330.65,230.05
1065,SUNDRMFAST,842.75,847.85,929.0,797.95,725.55,462.15
1066,SUNFLAG,79.5,81.6,82.0,89.05,78.8,47.15
1067,SUNPHARMA,811.8,813.5,826.6,785.75,679.4,509.15
1068,SUNTECK,473.0,466.85,484.55,401.9,251.0,267.1
1069,SUNTV,590.2,568.2,520.95,559.85,490.35,435.45
1070,SUPERHOUSE,170.6,177.35,169.45,164.65,128.95,85.0
1071,SUPRAJIT,356.95,365.05,323.95,330.2,248.55,186.95
1072,SUPREMEIND,2325.25,2342.1,2321.6,2075.6,2177.55,1444.95
1073,SURANAT&P,9.4,8.9,8.75,6.8,4.2,3.8
1074,SURYAROSNI,643.8,664.4,828.35,589.45,461.45,250.3
1075,SUTLEJTEX,69.4,64.35,66.95,70.05,49.95,26.85
1076,SUULD,265.3,218.45,536.25,487.65,296.35,103.4
1077,SUVEN,101.0,102.1,93.05,88.0,99.5,45.65
1078,SUVENPHAR,497.1,515.7,526.8,532.35,542.15,333.85
1079,SUZLON,7.05,7.05,6.5,6.75,5.0,2.95
1080,SWANENERGY,126.25,129.1,127.35,132.5,130.25,136.9
1081,SWARAJENG,1682.2,1674.55,1654.5,1786.6,1544.7,1388.2
1082,SWSOLAR,443.8,420.95,403.95,291.4,307.7,218.65
1083,SYMPHONY,1027.6,1070.05,1065.05,920.6,1098.3,846.1
1084,SYNGENE,545.25,549.6,615.4,621.6,588.05,538.45
1085,TAJGVK,144.95,147.85,144.8,130.35,109.55,128.25
1086,TAKE,48.05,48.95,51.7,60.6,57.0,40.75
1087,TALBROAUTO,269.15,275.4,282.05,324.25,205.8,121.95
1088,TARMAT,65.2,64.8,60.55,78.05,48.0,36.05
1089,TASTYBITE,16051.4,17039.2,17652.25,18048.4,15161.35,10667.9
1090,TATACHEM,905.1,1006.6,910.9,763.45,676.5,317.6
1091,TATACOFFEE,211.8,214.4,201.4,213.05,148.55,101.45
1092,TATACOMM,1264.5,1358.35,1410.65,1502.3,1104.15,994.8
1093,TATACONSUM,824.9,808.9,801.25,758.75,653.1,504.2
1094,TATAELXSI,5974.2,5876.2,5782.8,4251.35,3755.65,1553.0
1095,TATAINVEST,1489.45,1563.3,1436.65,1158.25,1054.15,854.65
1096,TATAMETALI,969.9,1013.8,1074.55,1286.45,1162.4,542.0
1097,TATAMOTORS,485.7,508.65,333.3,298.15,301.25,139.0
1098,TATAMTRDVR,251.8,266.95,186.55,141.35,131.45,56.5
1099,TATAPOWER,222.95,225.3,163.75,131.65,102.9,54.7
1100,TATASTEEL,1364.9,1343.65,1297.85,1416.2,1100.9,426.5
1101,TBZ,97.45,90.1,80.05,83.9,63.45,42.1
1102,TCI,688.15,581.5,423.3,446.25,278.75,227.95
1103,TCIDEVELOP,351.15,365.15,373.35,351.35,299.9,303.35
1104,TCIEXP,1878.25,1835.75,1521.55,1459.4,897.1,799.75
1105,TCIFINANCE,5.2,5.4,5.55,5.75,4.75,4.1
1106,TCNSBRANDS,748.8,788.5,646.5,592.25,496.35,387.2
1107,TCPLPACK,514.8,516.55,539.75,560.4,468.9,379.5
1108,TCS,3476.4,3482.6,3730.2,3273.95,3111.45,2707.45
1109,TDPOWERSYS,333.6,323.5,329.9,194.35,194.55,109.35
1110,TEAMLEASE,4747.3,4750.6,4567.7,3951.1,3346.6,2325.6
1111,TECHM,1522.15,1563.3,1371.25,1216.5,977.95,851.15
1112,TECHNOE,258.55,268.25,283.3,305.8,296.15,196.75
1113,TEXINFRA,55.5,57.3,59.6,64.05,70.2,34.9
1114,TEXMOPIPES,49.1,48.7,51.95,52.25,29.1,16.2
1115,TEXRAIL,31.4,33.8,36.85,37.0,25.75,23.55
1116,TFCILTD,68.6,67.9,74.45,73.9,56.55,35.95
1117,TGBHOTELS,10.0,10.0,9.2,8.3,4.65,4.8
1118,THANGAMAYL,1299.6,1304.65,1143.35,944.65,610.8,437.65
1119,THEINVEST,107.85,109.2,114.4,117.1,101.0,103.15
1120,THERMAX,1341.95,1323.4,1342.25,1386.5,1519.25,775.35
1121,THOMASCOOK,72.4,73.8,65.9,60.5,46.95,31.6
1122,THYROCARE,1121.4,1150.5,1155.65,1346.2,1082.35,1125.1
1123,TIIL,831.35,866.35,814.3,687.15,402.15,349.1
1124,TIINDIA,1445.4,1392.6,1386.65,1172.95,1218.0,689.15
1125,TIL,160.9,161.9,164.7,180.55,217.4,128.65
1126,TIMESGTY,45.8,46.05,41.75,51.55,49.45,22.35
1127,TIMETECHNO,68.95,71.7,70.85,82.55,77.55,38.85
1128,TIMKEN,1787.9,1657.15,1681.75,1492.35,1398.55,1091.45
1129,TINPLATE,298.85,306.15,291.85,256.8,213.5,132.1
1130,TIRUMALCHM,282.1,281.7,299.9,203.8,95.35,76.15
1131,TITAN,2406.3,2454.75,2163.75,1799.6,1444.4,1253.5
1132,TMRVL,16.75,18.1,13.0,18.75,11.75,8.25
1133,TNPETRO,124.25,126.75,127.8,139.0,84.8,38.35
1134,TNPL,132.55,134.3,137.7,148.9,141.95,102.85
1135,TOKYOPLAST,98.7,99.95,102.4,107.65,84.45,60.6
1136,TORNTPHARM,2879.4,2944.25,3080.55,3073.8,2607.05,2556.5
1137,TORNTPOWER,503.8,499.15,501.4,471.75,412.5,322.25
1138,TOTAL,48.7,47.45,51.5,59.85,40.75,36.2
1139,TPLPLASTEH,173.75,166.35,190.95,335.7,221.9,104.9
1140,TREJHARA,59.85,58.5,62.6,63.95,34.45,19.35
1141,TRENT,1024.7,1041.45,1044.35,928.9,778.15,674.2
1142,TRIDENT,39.8,39.9,29.4,22.15,13.9,7.55
1143,TRIGYN,118.2,118.15,113.15,149.6,81.45,51.95
1144,TRIL,28.25,28.1,26.95,33.8,21.0,9.35
1145,TRITURBINE,201.35,169.75,173.9,120.45,99.65,71.25
1146,TRIVENI,194.05,203.85,192.2,180.25,135.65,70.45
1147,TTKHLTCARE,657.45,643.1,667.5,736.7,590.85,452.5
1148,TTKPRESTIG,11073.65,9648.15,8878.4,8652.65,7418.7,5999.7
1149,TTL,87.65,84.75,63.85,69.6,49.6,39.0
1150,TV18BRDCST,42.1,42.8,41.55,37.65,36.25,27.95
1151,TVSELECT,162.5,161.65,165.2,184.1,133.9,96.65
1152,TVSMOTOR,671.3,625.9,563.95,568.7,625.85,479.85
1153,TVSSRICHAK,2278.45,2343.85,2138.15,2180.65,1793.95,1425.65
1154,TVTODAY,311.65,302.8,289.1,292.6,285.25,209.9
1155,TWL,94.25,99.3,108.25,89.5,46.4,41.2
1156,UBL,1672.1,1663.95,1577.45,1445.4,1204.85,950.6
1157,UCALFUEL,147.25,148.05,150.6,155.3,152.55,115.35
1158,UCOBANK,14.35,14.75,13.65,13.3,11.35,11.75
1159,UFLEX,573.7,565.65,535.6,565.9,447.6,321.6
1160,UFO,107.6,103.85,106.3,103.8,70.9,73.7
1161,UGARSUGAR,27.0,28.3,30.2,30.85,25.75,13.35
1162,UJAAS,3.0,3.2,2.85,2.85,2.45,3.15
1163,UJJIVAN,180.0,157.35,153.15,227.6,203.0,223.6
1164,UJJIVANSFB,21.6,21.95,20.9,27.95,29.15,32.25
1165,ULTRACEMCO,7775.1,7269.1,7483.55,7750.0,6405.45,4556.0
1166,UMANGDAIRY,75.8,78.9,72.4,91.95,60.95,42.45
1167,UMESLTD,4.7,4.5,3.95,4.6,2.95,1.3
1168,UNICHEMLAB,237.25,242.8,275.3,305.8,329.2,236.75
1169,UNIDT,456.95,451.45,345.6,363.65,282.95,245.35
1170,UNIENTER,125.6,117.05,125.15,131.0,84.4,60.15
1171,UNIONBANK,46.65,48.25,36.45,36.7,36.0,24.5
1172,UNITEDTEA,372.05,385.2,392.6,407.4,321.6,317.45
1173,UNIVASTU,64.8,66.1,44.75,51.55,40.35,31.75
1174,UNIVCABLES,164.95,164.75,166.35,182.0,165.5,132.0
1175,UPL,720.05,713.25,712.65,785.0,633.0,422.4
1176,URJA,7.0,7.5,6.25,7.0,6.0,3.0
1177,USHAMART,90.7,89.9,87.45,67.85,51.55,22.3
1178,UTIAMC,1074.45,1070.45,1050.2,1054.25,665.15,495.8
1179,UTIBANKETF,39.83,41.24,37.24,35.84,32.66,268.64
1180,UTINEXT50,44.17,44.34,44.29,41.3,36.12,292.0
1181,UTINIFTETF,1889.9,1919.75,1845.61,1696.6,1533.47,1308.38
1182,UTISENSETF,632.81,643.62,617.33,567.55,508.92,438.0
1183,UTISXN50,49.75,48.97,49.05,45.76,41.21,308.09
1184,VADILALIND,984.35,999.65,1043.7,1145.0,1021.85,780.9
1185,VAIBHAVGBL,559.0,696.8,696.65,786.95,4367.0,2006.7
1186,VAISHALI,34.25,34.65,37.0,38.6,41.95,32.9
1187,VAKRANGEE,37.15,37.6,40.15,34.5,51.55,26.8
1188,VALIANTORG,1315.5,1430.85,1375.55,1339.45,1544.55,3689.2
1189,VARDHACRLC,50.2,73.7,62.95,81.55,42.05,30.7
1190,VARROC,292.55,298.5,299.6,331.45,383.75,285.95
1191,VASCONEQ,26.6,25.35,25.85,22.4,16.1,8.6
1192,VASWANI,15.45,16.15,11.45,13.85,13.2,4.3
1193,VBL,921.45,824.3,910.2,792.75,993.4,694.3
1194,VEDL,302.15,330.55,285.85,311.0,268.85,94.75
1195,VENKEYS,2694.45,2813.0,2931.8,3244.7,1631.9,1588.65
1196,VERTOZ,92.9,96.65,99.7,138.3,242.65,178.1
1197,VESUVIUS,1075.05,1132.15,1200.2,1260.95,1035.3,901.45
1198,VETO,115.95,113.25,108.95,128.25,122.05,42.5
1199,VGUARD,258.9,247.95,259.7,247.9,224.25,168.9
1200,VHL,3182.9,3127.7,3023.8,3395.95,1719.4,1223.15
1201,VIDHIING,330.8,341.4,392.8,334.55,219.45,133.3
1202,VIKASPROP,1.9,2.05,2.15,2.45,2.15,2.25
1203,VIKASWSP,4.75,4.8,4.95,5.5,5.6,3.75
1204,VINATIORGA,1983.4,1971.6,1921.65,1951.95,1716.8,1135.4
1205,VINDHYATEL,1156.9,1118.2,1105.05,1359.6,859.95,735.8
1206,VINYLINDIA,268.5,270.9,269.9,158.0,136.55,103.55
1207,VIPIND,549.5,528.75,504.65,410.5,335.25,286.25
1208,VIPULLTD,27.75,27.35,29.5,37.35,25.05,13.15
1209,VISAKAIND,580.4,632.2,661.25,816.6,626.3,357.2
1210,VISHAL,101.4,104.3,113.3,128.8,49.45,161.35
1211,VISHWARAJ,35.2,38.05,145.45,146.5,126.7,113.7
1212,VLSFINANCE,179.8,188.25,195.4,222.15,92.95,54.65
1213,VMART,4010.6,4038.2,3654.65,3879.85,2681.95,1978.5
1214,VOLTAMP,1621.75,1418.25,1524.45,1639.95,1101.9,1015.65
1215,VOLTAS,1245.4,1193.2,1215.25,1032.65,984.35,753.35
1216,VRLLOG,379.45,380.25,368.55,296.8,215.85,152.7
1217,VSSL,273.2,269.45,242.55,265.95,189.95,73.75
1218,VSTIND,3295.2,3422.2,3399.15,3352.7,3157.8,3439.4
1219,VSTTILLERS,2841.6,3077.5,2962.5,1985.3,1809.3,1686.15
1220,VTL,2009.75,1811.8,1838.25,1967.3,1266.7,815.4
1221,WABAG,332.25,331.25,333.7,373.2,241.1,181.85
1222,WABCOINDIA,7492.2,7302.6,7257.75,7528.05,6938.45,4867.0
1223,WALCHANNAG,53.3,53.8,59.9,68.7,62.3,50.55
1224,WATERBASE,111.4,113.65,114.05,124.5,117.4,101.75
1225,WEBELSOLAR,77.6,75.65,64.3,64.55,41.35,22.75
1226,WEIZMANIND,53.55,55.05,47.35,54.35,43.8,30.0
1227,WELCORP,131.55,133.65,143.0,137.85,142.95,100.55
1228,WELENT,97.0,99.55,108.4,101.15,101.0,75.75
1229,WELINV,304.3,318.05,324.6,366.0,389.9,262.95
1230,WELSPUNIND,142.8,145.0,163.0,135.5,84.2,65.0
1231,WENDT,4499.5,4377.9,4288.85,4408.1,3258.1,3034.15
1232,WESTLIFE,582.75,569.6,558.85,530.4,431.05,371.55
1233,WHEELS,717.85,708.5,778.4,896.0,455.85,400.15
1234,WHIRLPOOL,2118.6,2223.2,2294.1,2149.25,2149.1,2073.2
1235,WILLAMAGOR,24.3,24.0,20.1,23.5,17.65,15.1
1236,WINDMACHIN,28.25,29.6,30.5,37.45,29.65,15.2
1237,WIPRO,655.45,668.15,636.25,596.8,512.3,345.75
1238,WOCKPHARMA,427.3,435.2,451.35,519.3,587.8,293.8
1239,WONDERLA,226.7,234.65,238.45,241.9,181.65,162.25
1240,WORTH,92.75,93.45,84.4,105.2,54.05,40.2
1241,WSTCSTPAPR,249.9,265.1,265.9,260.65,208.55,160.9
1242,XCHANGING,102.85,103.55,108.2,114.15,71.85,70.65
1243,YESBANK,13.05,13.45,12.85,12.65,13.55,12.3
1244,ZEEL,311.15,317.5,295.85,201.8,182.25,193.1
1245,ZEELEARN,12.4,13.55,14.25,15.1,10.4,10.7
1246,ZENITHEXPO,86.65,85.45,87.75,83.75,68.05,42.0
1247,ZENSARTECH,467.2,449.6,478.15,418.05,267.95,184.35
1248,ZENTEC,212.55,216.55,215.45,89.85,72.85,74.0
1249,ZODIACLOTH,112.0,113.05,119.15,133.75,90.9,96.3
1250,ZOTA,378.1,377.55,395.7,337.45,151.9,138.7
1251,ZYDUSWELL,2037.05,2202.25,2320.95,2282.85,2076.95,1760.05
